0 0 0.74063400625 0.089136490625 0.74063400625 0.089136490625 0.6195965421875 0 0.6195965421875 0 0.74063400625
6 0.4568245125 0.5706051875 0.2674094703125 0.5706051875 0.2674094703125 0.7204610953125 0.4568245125 0.7204610953125 0.4568245125 0.5706051875
6 0.367688021875 0.051873198437500004 0.21169916406249997 0.051873198437500004 0.21169916406249997 0.2247838609375 0.367688021875 0.2247838609375 0.367688021875 0.051873198437500004
0 1 0.0634005765625 0.8718662953124999 0.0634005765625 0.8718662953124999 0.1671469734375 1 0.1671469734375 1 0.0634005765625
7 0.16991643437499998 0.7780979828125 0.08077994375 0.7780979828125 0.08077994375 0.9106628234375 0.16991643437499998 0.9106628234375 0.16991643437499998 0.7780979828125
6 0.281337046875 0 0.281337046875 0.0806916421875 0.4150417828125 0.0806916421875 0.4150417828125 0 0.281337046875 0
6 0.47353760468750006 0.2881844375 0.367688021875 0.2881844375 0.367688021875 0.397694525 0.47353760468750006 0.397694525 0.47353760468750006 0.2881844375
6 0.36490250625 0.8040345828125 0.24791086406249999 0.8040345828125 0.24791086406249999 0.8904899140625 0.36490250625 0.8904899140625 0.36490250625 0.8040345828125
6 0.25626740937500003 0.5648414984375 0.1504178265625 0.5648414984375 0.1504178265625 0.6628242078125 0.25626740937500003 0.6628242078125 0.25626740937500003 0.5648414984375
6 0.490250696875 0.5043227671875 0.3899721453125 0.5043227671875 0.3899721453125 0.602305475 0.490250696875 0.602305475 0.490250696875 0.5043227671875
7 0.3899721453125 0.22766570625 0.28969359375 0.22766570625 0.28969359375 0.325648415625 0.3899721453125 0.325648415625 0.3899721453125 0.22766570625
6 0.3621169921875 0.31123919375 0.2785515328125 0.31123919375 0.2785515328125 0.42651296875 0.3621169921875 0.42651296875 0.3621169921875 0.31123919375
6 0.2646239546875 0.4063400578125 0.1866295265625 0.4063400578125 0.1866295265625 0.5216138328125 0.2646239546875 0.5216138328125 0.2646239546875 0.4063400578125
7 0.1476323125 0.360230546875 0.0696378828125 0.360230546875 0.0696378828125 0.469740634375 0.1476323125 0.469740634375 0.1476323125 0.360230546875
0 0.9108635093749999 0.302593659375 0.8272980499999999 0.302593659375 0.8272980499999999 0.40057636875 0.9108635093749999 0.40057636875 0.9108635093749999 0.302593659375
6 0.2757660171875 0.645533140625 0.1810584953125 0.645533140625 0.1810584953125 0.726224784375 0.2757660171875 0.726224784375 0.2757660171875 0.645533140625
6 0.2701949859375 0.325648415625 0.1810584953125 0.325648415625 0.1810584953125 0.412103746875 0.2701949859375 0.412103746875 0.2701949859375 0.325648415625
6 0.35933147656250003 0.4553314125 0.281337046875 0.4553314125 0.281337046875 0.5475504328125 0.35933147656250003 0.5475504328125 0.35933147656250003 0.4553314125
0 0.9832869078125 0.2219020171875 0.9052924796875 0.2219020171875 0.9052924796875 0.3083573484375 0.9832869078125 0.3083573484375 0.9832869078125 0.2219020171875
0 0.259052925 0.8962536015625 0.175487465625 0.8962536015625 0.175487465625 0.959654178125 0.259052925 0.959654178125 0.259052925 0.8962536015625
6 0.8189415046875 0.383285303125 0.6545961 0.383285303125 0.6545961 0.62536023125 0.8189415046875 0.62536023125 0.8189415046875 0.383285303125
6 0.5849582171875001 0.841498559375 0.59888579375 0.844380403125 0.6545961 0.841498559375 0.682451253125 0.74639769375 0.682451253125 0.731988471875 0.6601671312499999 0.654178675 0.651810584375 0.642651296875 0.5654596093750001 0.642651296875 0.5515320328125 0.6512968296875 0.520891365625 0.6858789625 0.5125348187500001 0.700288184375 0.5069637890625 0.7608069171875 0.509749303125 0.783861671875 0.571030640625 0.8328530265625 0.5849582171875001 0.841498559375
6 0.59888579375 0.14409221875 0.62395543125 0.17002881875 0.6462395546875 0.1729106625 0.6713091921875 0.1613832859375 0.6852367687500001 0.14409221875 0.688022284375 0.1325648421875 0.6852367687500001 0.074927953125 0.6796657374999999 0.043227665625 0.6545961 0.014409221875 0.6295264625 0.008645532812499999 0.601671309375 0.025936599999999997 0.5877437328124999 0.0374639765625 0.5793871859374999 0.0576368875 0.5793871859374999 0.08645533125 0.5849582171875001 0.1181556203125 0.59888579375 0.14409221875
6 0.8189415046875 0.7608069171875 0.7019498609375 0.7608069171875 0.7019498609375 0.9193083578125 0.8189415046875 0.9193083578125 0.8189415046875 0.7608069171875
6 0.5571030640625 1 0.5877437328124999 0.9654178671875 0.59888579375 0.930835734375 0.59888579375 0.9106628234375 0.571030640625 0.8789625359375 0.5598885796874999 0.873198846875 0.5292479109375 0.8645533140625 0.5125348187500001 0.8645533140625 0.484679665625 0.8789625359375 0.47353760468750006 0.8904899140625 0.47353760468750006 0.93948126875 0.484679665625 0.9798270890625 0.5069637890625 0.9942363109375 0.5264623953124999 1 0.5571030640625 1
6 0.7158774375 0.5187319890625 0.5933147625 0.5187319890625 0.5933147625 0.62536023125 0.7158774375 0.62536023125 0.7158774375 0.5187319890625
6 0.8774373265625 0.6080691640625 0.8022284125000001 0.6080691640625 0.8022284125000001 0.7233429390625 0.8774373265625 0.7233429390625 0.8774373265625 0.6080691640625
6 0.8913649031249999 0.731988471875 0.8105849578125 0.731988471875 0.8105849578125 0.812680115625 0.8913649031249999 0.812680115625 0.8913649031249999 0.731988471875