6 0.913846153125 0.46242774531249997 0.713846153125 0.46242774531249997 0.713846153125 0.6676300578125 0.913846153125 0.6676300578125 0.913846153125 0.46242774531249997
6 0.2830769234375 0.41907514375000005 0.0123076921875 0.41907514375000005 0.0123076921875 0.5144508671875 0.2830769234375 0.5144508671875 0.2830769234375 0.41907514375000005
6 0.10769230781250001 0.8034682078125 0.1323076921875 0.8265895953125 0.13538461562499998 0.8323699421875 0.1630769234375 0.8526011562500001 0.20923076875 0.8670520234374999 0.23692307656249997 0.8728323703124999 0.2430769234375 0.817919075 0.19076923125 0.7052023125 0.1323076921875 0.6791907515625 0.095384615625 0.687861271875 0.08 0.699421965625 0.07384615312500001 0.7138728328124999 0.07384615312500001 0.7427745671875 0.0923076921875 0.7803468203125 0.10769230781250001 0.8034682078125
6 0.6276923078125 0.8063583812499999 0.68923076875 0.8208092484374999 0.72 0.8208092484374999 0.7446153843750001 0.812138728125 0.7753846156249999 0.78323699375 0.76923076875 0.734104046875 0.72923076875 0.6849710984375 0.704615384375 0.6734104046875 0.686153846875 0.6734104046875 0.6307692312500001 0.682080925 0.60923076875 0.69364161875 0.59076923125 0.7254335265625 0.5846153843749999 0.7485549140625001 0.5846153843749999 0.7687861265625 0.6 0.7947976875 0.6276923078125 0.8063583812499999
6 0.9969230765624999 0.5260115609375 0.91076923125 0.5260115609375 0.91076923125 0.7369942203125001 0.9969230765624999 0.7369942203125001 0.9969230765624999 0.5260115609375
6 0.6830769234375 0.4768786125 0.5107692312500001 0.4768786125 0.5107692312500001 0.6300578031249999 0.6830769234375 0.6300578031249999 0.6830769234375 0.4768786125
6 0.8800000000000001 0.893063584375 0.9076923078125001 0.9046242781249999 0.9692307687499999 0.910404625 0.9846153843750001 0.9046242781249999 0.9846153843750001 0.8670520234374999 0.9815384609375 0.8497109828125 0.95076923125 0.7630057796874999 0.9415384609374999 0.7514450859374999 0.913846153125 0.7398843937499999 0.8800000000000001 0.7485549140625001 0.8584615390625 0.7803468203125 0.8400000000000001 0.812138728125 0.846153846875 0.8497109828125 0.8615384609375001 0.87572254375 0.8800000000000001 0.893063584375
6 0.495384615625 0.25144508593750003 0.52 0.26011560624999996 0.5384615390625 0.2630057796875 0.5538461531250001 0.25144508593750003 0.575384615625 0.2196531796875 0.5784615390625001 0.20520231249999998 0.575384615625 0.17052023125 0.5476923078125 0.141618496875 0.5107692312500001 0.12427745625 0.47384615312499995 0.1213872828125 0.43076923125000005 0.141618496875 0.4184615390625 0.1502890171875 0.41230769218749996 0.1618497109375 0.406153846875 0.1791907515625 0.415384615625 0.19364161875000002 0.433846153125 0.210982659375 0.495384615625 0.25144508593750003
6 0.1784615390625 0.404624278125 0.206153846875 0.39884393125 0.224615384375 0.38728323750000004 0.27076923124999996 0.346820809375 0.27076923124999996 0.31502890156249996 0.2430769234375 0.2745664734375 0.2276923078125 0.2630057796875 0.2123076921875 0.26011560624999996 0.193846153125 0.26011560624999996 0.1169230765625 0.3381502890625 0.10769230781250001 0.38728323750000004 0.12923076875 0.39884393125 0.16 0.404624278125 0.1784615390625 0.404624278125
6 0.646153846875 1 0.6799999999999999 0.9306358375 0.6830769234375 0.8959537578125 0.6799999999999999 0.881502890625 0.5784615390625001 0.8410404625 0.5569230765625 0.8410404625 0.5415384609375 0.86416185 0.5353846156250001 0.9046242781249999 0.5353846156250001 0.9393063578125 0.5384615390625 0.9595375718750001 0.5538461531250001 0.9768786125 0.56923076875 0.9855491328125 0.6276923078125 1 0.646153846875 1
6 0.4184615390625 0.45375722500000004 0.446153846875 0.4393063578125 0.4615384609375 0.41618497187500003 0.495384615625 0.3381502890625 0.49230769218750003 0.335260115625 0.43692307656249996 0.323699421875 0.41230769218749996 0.32080924843749997 0.37230769218750004 0.32080924843749997 0.3569230765625 0.3323699421875 0.3323076921875 0.3728323703125 0.326153846875 0.4017341046875 0.326153846875 0.4335260109375 0.3415384609375 0.45375722500000004 0.4184615390625 0.45375722500000004
6 0.36 0.141618496875 0.166153846875 0.141618496875 0.166153846875 0.2369942203125 0.36 0.2369942203125 0.36 0.141618496875
6 0.48 0.6040462421874999 0.3323076921875 0.6040462421874999 0.3323076921875 0.7427745671875 0.48 0.7427745671875 0.48 0.6040462421874999
6 0.26769230781250003 0.5057803468750001 0.104615384375 0.5057803468750001 0.104615384375 0.6156069359375 0.26769230781250003 0.6156069359375 0.26769230781250003 0.5057803468750001
6 0.704615384375 0.4393063578125 0.76923076875 0.447976878125 0.8215384609375 0.44219653125 0.83076923125 0.4306358375 0.83076923125 0.4017341046875 0.8184615390625 0.3901734109375 0.7723076921875001 0.36127167656250003 0.7446153843750001 0.358381503125 0.704615384375 0.358381503125 0.695384615625 0.36127167656250003 0.6676923078125 0.3843930640625 0.6553846156249999 0.39884393125 0.6553846156249999 0.4017341046875 0.673846153125 0.4306358375 0.704615384375 0.4393063578125
6 0.784615384375 0.30635838125000003 0.8400000000000001 0.3034682078125 0.846153846875 0.2803468203125 0.846153846875 0.2254335265625 0.8338461531249999 0.182080925 0.8184615390625 0.1676300578125 0.8 0.1676300578125 0.7169230765625 0.210982659375 0.713846153125 0.21676300624999997 0.7415384609375 0.2919075140625 0.7630769234375 0.3034682078125 0.784615384375 0.30635838125000003
6 0.6123076921874999 0.5982658953125 0.47384615312499995 0.5982658953125 0.47384615312499995 0.699421965625 0.6123076921874999 0.699421965625 0.6123076921874999 0.5982658953125
6 0.5076923078125 0.42774566406250003 0.5415384609375 0.44219653125 0.56923076875 0.44219653125 0.59076923125 0.4393063578125 0.6061538468750001 0.42774566406250003 0.6123076921874999 0.4132947984375 0.5846153843749999 0.37572254374999997 0.5415384609375 0.3497109828125 0.5169230765624999 0.3439306359375 0.4769230765625 0.3439306359375 0.4769230765625 0.393063584375 0.48 0.4017341046875 0.5076923078125 0.42774566406250003
7 0.593846153125 0.14739884375 0.6215384609375 0.141618496875 0.6430769234375 0.1329479765625 0.6523076921875 0.10982658906250001 0.6523076921875 0.0867052015625 0.6 0.057803468749999996 0.5569230765625 0.052023121875 0.5353846156250001 0.08092485625 0.5323076921875 0.1040462421875 0.5384615390625 0.1329479765625 0.5630769234375 0.14739884375 0.593846153125 0.14739884375
7 0.25538461562500003 0.63583815 0.1384615390625 0.63583815 0.1384615390625 0.7225433531250001 0.25538461562500003 0.7225433531250001 0.25538461562500003 0.63583815
6 0.5969230765625 0.31502890156249996 0.6215384609375 0.317919075 0.6523076921875 0.3034682078125 0.6615384609375 0.2919075140625 0.6523076921875 0.23988439375 0.6061538468750001 0.21676300624999997 0.593846153125 0.2196531796875 0.575384615625 0.23410404687500003 0.566153846875 0.254335259375 0.566153846875 0.2745664734375 0.5815384609375001 0.300578034375 0.5969230765625 0.31502890156249996
6 0.28923076875 0.86416185 0.3076923078125 0.8612716765625 0.353846153125 0.8381502890625001 0.36307692343750003 0.812138728125 0.344615384375 0.7947976875 0.32923076875 0.789017340625 0.31076923125 0.789017340625 0.286153846875 0.7947976875 0.2523076921875 0.8092485546875 0.24923076875 0.812138728125 0.24923076875 0.8526011562500001 0.26769230781250003 0.8612716765625 0.28923076875 0.86416185
7 0.9353846156250001 0.063583815625 0.8338461531249999 0.063583815625 0.8338461531249999 0.1502890171875 0.9353846156250001 0.1502890171875 0.9353846156250001 0.063583815625
7 0.72923076875 0.13583815 0.6276923078125 0.13583815 0.6276923078125 0.21676300624999997 0.72923076875 0.21676300624999997 0.72923076875 0.13583815
6 0.3569230765625 0.083815028125 0.24 0.083815028125 0.24 0.141618496875 0.3569230765625 0.141618496875 0.3569230765625 0.083815028125
7 0.4523076921875 0.0722543359375 0.3384615390625 0.0722543359375 0.3384615390625 0.12427745625 0.4523076921875 0.12427745625 0.4523076921875 0.0722543359375
7 0.8830769234375 0.2716763 0.815384615625 0.2716763 0.815384615625 0.358381503125 0.8830769234375 0.358381503125 0.8830769234375 0.2716763
2 0.7871794859375 0.1787090546875 0.793846153125 0.164739884375 0.7784615390625 0.1618497109375 0.7753846156249999 0.1676300578125 0.7871794859375 0.1787090546875
2 0.8043076921875001 0.1786127171875 0.7871794859375 0.1787090546875 0.846153846875 0.23410404687500003 0.8043076921875001 0.1786127171875
7 0.144615384375 0.014450867187499999 0.064615384375 0.014450867187499999 0.064615384375 0.0722543359375 0.144615384375 0.0722543359375 0.144615384375 0.014450867187499999