2 0.911428571875 0.28020565625 0.8257142859375 0.28020565625 0.8257142859375 0.37789203125 0.911428571875 0.37789203125 0.911428571875 0.28020565625
2 0.988571428125 0.550128534375 0.9257142859374999 0.550128534375 0.9257142859374999 0.6323907453125 0.988571428125 0.6323907453125 0.988571428125 0.550128534375
2 0.6857142859375001 0.6529562984374999 0.6057142859375 0.6529562984374999 0.6057142859375 0.7300771203124999 0.6857142859375001 0.7300771203124999 0.6857142859375001 0.6529562984374999
2 0.428571428125 0.80462725 0.3542857140625 0.80462725 0.3542857140625 0.8663239078125 0.428571428125 0.8663239078125 0.428571428125 0.80462725
2 0.208571428125 0.6529562984374999 0.12285714218749999 0.6529562984374999 0.12285714218749999 0.7197943437500001 0.208571428125 0.7197943437500001 0.208571428125 0.6529562984374999
2 0.19714285781250002 0.7197943437500001 0.12285714218749999 0.7197943437500001 0.12285714218749999 0.7917737796875 0.19714285781250002 0.7917737796875 0.19714285781250002 0.7197943437500001
2 0.1257142859375 0.39588688906249997 0.051428571874999995 0.39588688906249997 0.051428571874999995 0.52956298125 0.1257142859375 0.52956298125 0.1257142859375 0.39588688906249997
6 0 0.2262210796875 0.16571428593749998 0.2262210796875 0.16571428593749998 0.066838046875 0 0.066838046875 0 0.2262210796875
1 0.9028571421875 0.0822622109375 0.8400000000000001 0.0822622109375 0.8400000000000001 0.1902313625 0.9028571421875 0.1902313625 0.9028571421875 0.0822622109375
1 0.7628571421875 0 0.7628571421875 0.11311054062499999 0.831428571875 0.11311054062499999 0.831428571875 0 0.7628571421875 0
1 0.828571428125 0.118251928125 0.7657142859375 0.118251928125 0.7657142859375 0.2210796921875 0.828571428125 0.2210796921875 0.828571428125 0.118251928125
1 0.5599999999999999 0.313624678125 0.49142857187500005 0.313624678125 0.49142857187500005 0.52956298125 0.5599999999999999 0.52956298125 0.5599999999999999 0.313624678125
1 0.7 0.49871465312499996 0.6257142859375 0.49871465312499996 0.6257142859375 0.6323907453125 0.7 0.6323907453125 0.7 0.49871465312499996
1 0.388571428125 0.30334190156249996 0.3142857140625 0.30334190156249996 0.3142857140625 0.43187660625 0.388571428125 0.43187660625 0.388571428125 0.30334190156249996
1 0.4371428578125 0.38817480781249997 0.38 0.38817480781249997 0.38 0.5064267359375 0.4371428578125 0.5064267359375 0.4371428578125 0.38817480781249997
1 0.39714285781249997 0.46272493593749997 0.3342857140625 0.46272493593749997 0.3342857140625 0.5604113109375 0.39714285781249997 0.5604113109375 0.39714285781249997 0.46272493593749997
1 0.47428571406250003 0.5784061703125001 0.4171428578125 0.5784061703125001 0.4171428578125 0.742930590625 0.47428571406250003 0.742930590625 0.47428571406250003 0.5784061703125001
1 0.1828571421875 1 0.1828571421875 0.8817480718749999 0.131428571875 0.8817480718749999 0.131428571875 1 0.1828571421875 1
1 0.26 0.8894601546875001 0.1628571421875 0.8894601546875001 0.1628571421875 0.9922879171875 0.26 0.9922879171875 0.26 0.8894601546875001
1 0.828571428125 0.7583547562499999 0.7428571421875 0.7583547562499999 0.7428571421875 0.94858611875 0.828571428125 0.94858611875 0.828571428125 0.7583547562499999
1 0.7 0.7480719796875 0.6257142859375 0.7480719796875 0.6257142859375 0.9383033421875 0.7 0.9383033421875 0.7 0.7480719796875
1 0.9028571421875 0.7763496140624999 0.8228571421875 0.7763496140624999 0.8228571421875 0.884318765625 0.9028571421875 0.884318765625 0.9028571421875 0.7763496140624999
1 1 0.38303341875 0.9142857140625 0.38303341875 0.9142857140625 0.5321336765625 1 0.5321336765625 1 0.38303341875
1 0.671428571875 0.123393315625 0.5914285718750001 0.123393315625 0.5914285718750001 0.24164524375 0.671428571875 0.24164524375 0.671428571875 0.123393315625
1 0.5628571421874999 0.06940874062499999 0.5057142859375 0.06940874062499999 0.5057142859375 0.2442159390625 0.5628571421874999 0.2442159390625 0.5628571421874999 0.06940874062499999
1 0.48 0.056555270312499996 0.4 0.056555270312499996 0.4 0.2519280203125 0.48 0.2519280203125 0.48 0.056555270312499996
1 0.33714285781250003 0.14395886875 0.2742857140625 0.14395886875 0.2742857140625 0.262210796875 0.33714285781250003 0.262210796875 0.33714285781250003 0.14395886875
1 0.3771428578125 0.1311053984375 0.3142857140625 0.1311053984375 0.3142857140625 0.2699228796875 0.3771428578125 0.2699228796875 0.3771428578125 0.1311053984375