6 0.2971428578125 0.26243093906250003 0.3142857140625 0.279005525 0.33999999999999997 0.2845303875 0.3628571421875 0.2707182328125 0.38 0.24861878437499998 0.40571428593750003 0.17127071875 0.4028571421875 0.10773480625000001 0.38 0.0939226515625 0.351428571875 0.088397790625 0.3057142859375 0.104972375 0.29428571406250004 0.11602209999999999 0.27999999999999997 0.1574585640625 0.2742857140625 0.18232044218750001 0.2742857140625 0.2127071828125 0.28571428593750003 0.2403314921875 0.2971428578125 0.26243093906250003
6 0.391428571875 0.477900553125 0.40857142812499997 0.4917127078125 0.42571428593749994 0.4944751375 0.4542857140625 0.4944751375 0.46285714218749996 0.4917127078125 0.4771428578125 0.4806629828125 0.49142857187500005 0.4640883984375 0.5 0.414364640625 0.5 0.3895027625 0.49142857187500005 0.36464088437500003 0.4542857140625 0.33425414375 0.4371428578125 0.33425414375 0.40571428593750003 0.3453038671875 0.3657142859375 0.36464088437500003 0.3628571421875 0.3756906078125 0.3628571421875 0.3977900546875 0.371428571875 0.45027624375 0.391428571875 0.477900553125
6 0.9485714281250001 0.4530386734375 0.7771428578124999 0.4530386734375 0.7771428578124999 0.5635359109375 0.9485714281250001 0.5635359109375 0.9485714281250001 0.4530386734375
6 0.6028571421875 0.12154696093749999 0.5028571421875 0.12154696093749999 0.5028571421875 0.2955801109375 0.6028571421875 0.2955801109375 0.6028571421875 0.12154696093749999
6 0.148571428125 0.3729281765625 0.16857142812499998 0.3839779 0.2028571421875 0.3839779 0.24571428593750003 0.3756906078125 0.268571428125 0.33425414375 0.27142857187499997 0.3232044203125 0.268571428125 0.303867403125 0.2428571421875 0.2707182328125 0.2142857140625 0.254143646875 0.1771428578125 0.24309392187499998 0.16 0.24309392187499998 0.1428571421875 0.254143646875 0.1257142859375 0.28176795625 0.1257142859375 0.3176795578125 0.131428571875 0.3480662984375 0.148571428125 0.3729281765625
6 0.1257142859375 0.6160221 0.0028571421875 0.6160221 0.0028571421875 0.7707182328125 0.1257142859375 0.7707182328125 0.1257142859375 0.6160221
6 0.5428571421874999 0.0524861875 0.42000000000000004 0.0524861875 0.42000000000000004 0.19889502812499998 0.5428571421874999 0.19889502812499998 0.5428571421874999 0.0524861875
6 0.78 0.5911602203124999 0.6342857140625 0.5911602203124999 0.6342857140625 0.7182320437499999 0.78 0.7182320437499999 0.78 0.5911602203124999
6 0.8828571421875001 0.31491712656250004 0.748571428125 0.31491712656250004 0.748571428125 0.4254143640625 0.8828571421875001 0.4254143640625 0.8828571421875001 0.31491712656250004
6 0.8800000000000001 0.867403315625 0.7371428578125 0.867403315625 0.7371428578125 0.9640883984374999 0.8800000000000001 0.9640883984374999 0.8800000000000001 0.867403315625
6 0.7 0.361878453125 0.548571428125 0.361878453125 0.548571428125 0.43922651874999996 0.7 0.43922651874999996 0.7 0.361878453125
6 0.17428571406249999 0.6767955796875 0.2 0.662983425 0.2257142859375 0.638121546875 0.22857142812500003 0.6270718234375 0.231428571875 0.582872928125 0.2142857140625 0.5745856359375 0.1771428578125 0.5635359109375 0.1428571421875 0.56077348125 0.1257142859375 0.5745856359375 0.11428571406250002 0.5966850828125 0.10857142812500001 0.6325966843749999 0.1171428578125 0.6546961328124999 0.131428571875 0.6685082875 0.17428571406249999 0.6767955796875
6 0.6457142859375 0.4640883984375 0.5228571421875 0.4640883984375 0.5228571421875 0.5690607734375 0.6457142859375 0.5690607734375 0.6457142859375 0.4640883984375
6 0.74 0.4640883984375 0.6257142859375 0.4640883984375 0.6257142859375 0.5745856359375 0.74 0.5745856359375 0.74 0.4640883984375
4 0.7657142859375 0.19889502812499998 0.6428571421875 0.19889502812499998 0.6428571421875 0.28176795625 0.7657142859375 0.28176795625 0.7657142859375 0.19889502812499998
6 0.5428571421874999 0.585635359375 0.468571428125 0.585635359375 0.468571428125 0.7099447515625 0.5428571421874999 0.7099447515625 0.5428571421874999 0.585635359375
6 0.4028571421875 0.6850828734375 0.3 0.6850828734375 0.3 0.7900552484375 0.4028571421875 0.7900552484375 0.4028571421875 0.6850828734375
6 0.2828571421875 0.7044198890625 0.19714285781250002 0.7044198890625 0.19714285781250002 0.8149171265625 0.2828571421875 0.8149171265625 0.2828571421875 0.7044198890625
6 0.728571428125 1 0.728571428125 0.917127071875 0.62 0.917127071875 0.62 1 0.728571428125 1
6 0.051428571874999995 0.94475138125 0.1 0.94475138125 0.11428571406250002 0.9005524859375 0.11428571406250002 0.8839779 0.1028571421875 0.8563535906249999 0.08 0.8453038671875 0.0657142859375 0.8425414359375001 0.048571428124999996 0.8425414359375001 0.0457142859375 0.8453038671875 0.022857142187500002 0.8839779 0.022857142187500002 0.9005524859375 0.028571428125 0.917127071875 0.051428571874999995 0.94475138125
6 0.0771428578125 0.56077348125 0.1028571421875 0.5690607734375 0.1257142859375 0.5690607734375 0.131428571875 0.56077348125 0.13999999999999999 0.5386740328124999 0.13999999999999999 0.5165745859374999 0.131428571875 0.4917127078125 0.128571428125 0.4889502765625 0.11428571406250002 0.4806629828125 0.08857142812499999 0.472375690625 0.051428571874999995 0.5027624312500001 0.0457142859375 0.5248618781250001 0.048571428124999996 0.5359116015625001 0.0628571421875 0.5524861875 0.0771428578125 0.56077348125
6 0.3542857140625 0.4005524859375 0.2542857140625 0.4005524859375 0.2542857140625 0.477900553125 0.3542857140625 0.477900553125 0.3542857140625 0.4005524859375
6 0.9057142859375 0.5966850828125 0.8057142859375 0.5966850828125 0.8057142859375 0.6657458562499999 0.9057142859375 0.6657458562499999 0.9057142859375 0.5966850828125
6 0.34857142812499997 0.32872928125 0.2542857140625 0.32872928125 0.2542857140625 0.3977900546875 0.34857142812499997 0.3977900546875 0.34857142812499997 0.32872928125
7 0.5885714281250001 0.93922651875 0.48857142812500004 0.93922651875 0.48857142812500004 0.9889502765625 0.5885714281250001 0.9889502765625 0.5885714281250001 0.93922651875
6 1 0.2348066296875 0.9428571421875 0.2348066296875 0.9428571421875 0.3176795578125 1 0.3176795578125 1 0.2348066296875
1 0.7171428578125 0.5718232046875 0.6257142859375 0.5718232046875 0.6257142859375 0.5994475140625 0.7171428578125 0.5994475140625 0.7171428578125 0.5718232046875
1 0.7142857140625 0.44198895 0.62 0.44198895 0.62 0.4640883984375 0.7142857140625 0.4640883984375 0.7142857140625 0.44198895
2 0.9457142859375001 0.8453038671875 0.8742857140625 0.8453038671875 0.8742857140625 0.895027625 0.9457142859375001 0.895027625 0.9457142859375001 0.8453038671875
1 0.3142857140625 0.5165745859374999 0.2428571421875 0.5165745859374999 0.2428571421875 0.5635359109375 0.3142857140625 0.5635359109375 0.3142857140625 0.5165745859374999
7 0.6457142859375 0.9005524859375 0.5885714281250001 0.9005524859375 0.5885714281250001 0.9585635359375001 0.6457142859375 0.9585635359375001 0.6457142859375 0.9005524859375
6 0.0571428578125 0.25138121562500004 0.011428571875 0.25138121562500004 0.011428571875 0.306629834375 0.0571428578125 0.306629834375 0.0571428578125 0.25138121562500004
6 0.548571428125 0.7900552484375 0.5 0.7900552484375 0.5 0.8314917124999999 0.548571428125 0.8314917124999999 0.548571428125 0.7900552484375
6 0.3171428578125 0.5773480656250001 0.231428571875 0.5773480656250001 0.231428571875 0.6767955796875 0.3171428578125 0.6767955796875 0.3171428578125 0.5773480656250001
6 0.248571428125 0 0.248571428125 0.104972375 0.368571428125 0.104972375 0.368571428125 0 0.248571428125 0
6 0.671428571875 0.0441988953125 0.551428571875 0.0441988953125 0.551428571875 0.12154696093749999 0.671428571875 0.12154696093749999 0.671428571875 0.0441988953125