6 0.8478873234375 0.5582655828124999 0.8591549296875 0.5663956640625 0.8760563375 0.57181571875 0.9042253515625 0.57181571875 0.943661971875 0.5365853656249999 0.954929578125 0.5230352296875 0.9830985921875 0.44173441718750006 0.9830985921875 0.37940379375 0.9774647890624999 0.3739837390625 0.8422535218749999 0.37940379375 0.8281690140625001 0.387533875 0.8140845078125001 0.4037940375 0.8 0.43902439062500004 0.8 0.4579945796875 0.8140845078125001 0.504065040625 0.8478873234375 0.5582655828124999
6 0.5295774640625 0.75067750625 0.5718309859375 0.75067750625 0.6084507046875001 0.7046070453125 0.6422535218750001 0.6422764234375 0.6450704218750001 0.6341463421875 0.6450704218750001 0.6070460703125 0.630985915625 0.6016260156250001 0.5154929578125 0.5826558265624999 0.49859155 0.58807588125 0.492957746875 0.593495934375 0.4647887328125 0.6504065046874999 0.4647887328125 0.6693766937500001 0.5098591546875 0.737127371875 0.5295774640625 0.75067750625
7 0.26197183125 1 0.2901408453125 0.9593495937500001 0.31267605625 0.8861788625000001 0.30985915468749997 0.8211382109375001 0.3042253515625 0.794037940625 0.281690140625 0.7831978312500001 0.267605634375 0.794037940625 0.250704225 0.8211382109375001 0.20845070468750002 0.907859078125 0.20563380312500001 0.9322493218749999 0.20845070468750002 0.9891598921875 0.2169014078125 1 0.26197183125 1
6 0.107042253125 0.3197831984375 0.13802816874999999 0.3197831984375 0.154929578125 0.3089430890625 0.16338028124999998 0.2926829265625 0.16338028124999998 0.27913279062499996 0.1521126765625 0.2276422765625 0.132394365625 0.189701896875 0.0760563375 0.16802167968749998 0.0591549296875 0.16802167968749998 0.0394366203125 0.1761517609375 0.025352112500000003 0.189701896875 0.01126760625 0.20867208750000002 0.0028169015625 0.246612465625 0.01126760625 0.26829268281249996 0.030985915625 0.287262871875 0.107042253125 0.3197831984375
6 0.2169014078125 0.30081300781250003 0.2338028171875 0.28184281875 0.25352112656250003 0.2411924125 0.26197183125 0.20325203281249998 0.2647887328125 0.1626016265625 0.250704225 0.1382113828125 0.24225352187500002 0.1300813015625 0.20845070468750002 0.1300813015625 0.17746478906250002 0.1436314359375 0.1605633796875 0.1626016265625 0.1521126765625 0.1761517609375 0.1464788734375 0.1924119234375 0.1464788734375 0.20867208750000002 0.1661971828125 0.30081300781250003 0.2169014078125 0.30081300781250003
6 0.543661971875 0.560975609375 0.5521126765625 0.5582655828124999 0.5830985921875 0.5176151765625 0.594366196875 0.48509485156250004 0.5971830984375 0.455284553125 0.594366196875 0.43360433593750003 0.58873239375 0.4254742546875 0.5746478875000001 0.414634146875 0.5408450703125001 0.414634146875 0.5239436625 0.42005420000000004 0.49859155 0.4607046078125 0.48732394375 0.48509485156250004 0.48450704218749996 0.4986449859375 0.48732394375 0.5365853656249999 0.5154929578125 0.5582655828124999 0.543661971875 0.560975609375
6 0.0732394359375 0.1382113828125 0.08169014062499999 0.140921409375 0.1098591546875 0.140921409375 0.1464788734375 0.11653116562500002 0.1605633796875 0.0704607046875 0.1605633796875 0.032520325 0.1521126765625 0.013550135937499999 0.1352112671875 0.0054200546875 0.1239436625 0.0027100265625 0.107042253125 0.0027100265625 0.08169014062499999 0.013550135937499999 0.0535211265625 0.0460704609375 0.047887323437500004 0.06775067812499999 0.047887323437500004 0.0867208671875 0.06197183125 0.12466124687499999 0.0732394359375 0.1382113828125
6 0.8338028171874999 0.12195121874999999 0.86197183125 0.12466124687499999 0.8957746484375001 0.1111111109375 0.9352112671875 0.07859078593749999 0.9464788734375 0.0379403796875 0.943661971875 0.024390243750000002 0.9295774640625 0.0027100265625 0.9098591546874999 0.0054200546875 0.8845070421875001 0.0162601625 0.8732394359375 0.024390243750000002 0.8338028171874999 0.05691056875 0.8253521125000001 0.0704607046875 0.819718309375 0.0948509484375 0.819718309375 0.100271003125 0.8253521125000001 0.1111111109375 0.8338028171874999 0.12195121874999999
1 1 0.585365853125 0.98873239375 0.5745257453125 0.9774647890624999 0.569105690625 0.9352112671875 0.5745257453125 0.8957746484375001 0.6016260156250001 0.88732394375 0.63685636875 0.88732394375 0.6504065046874999 0.8985915500000001 0.6639566390625 0.9408450703125 0.68563685625 0.9633802812500001 0.68563685625 0.9859154921875 0.6639566390625 1 0.6395663953125 1 0.585365853125
6 0.543661971875 0.8888888890625 0.5718309859375 0.8915989156249999 0.580281690625 0.8888888890625 0.5971830984375 0.8753387531250001 0.61126760625 0.8455284546874999 0.61126760625 0.810298103125 0.58873239375 0.777777778125 0.5746478875000001 0.7642276421875 0.543661971875 0.7615176156250001 0.5267605640624999 0.7615176156250001 0.5239436625 0.7642276421875 0.5154929578125 0.7913279125 0.5154929578125 0.842818428125 0.5267605640624999 0.8753387531250001 0.543661971875 0.8888888890625
1 0.754929578125 0.25474254687500003 0.6281690140625 0.25474254687500003 0.6281690140625 0.3577235765625 0.754929578125 0.3577235765625 0.754929578125 0.25474254687500003
6 0.53802816875 0 0.50140845 0.032520325 0.49859155 0.04065040625 0.49577464843749997 0.0542005421875 0.49859155 0.0867208671875 0.50140845 0.09756097500000001 0.51267605625 0.108401084375 0.5521126765625 0.108401084375 0.5746478875000001 0.100271003125 0.58873239375 0.092140921875 0.61126760625 0.06504065 0.6140845078125 0.0460704609375 0.6 0.013550135937499999 0.5746478875000001 0.0027100265625 0.554929578125 0 0.53802816875 0
6 0.1239436625 0.5013550140625 0.1661971828125 0.5013550140625 0.2028169015625 0.4823848234375 0.219718309375 0.4498644984375 0.2225352109375 0.40650406562499997 0.2169014078125 0.398373984375 0.18873239375 0.3929539296875 0.149295775 0.42005420000000004 0.11267605624999999 0.4498644984375 0.10422535156249998 0.463414634375 0.107042253125 0.48780487812500006 0.118309859375 0.4986449859375 0.1239436625 0.5013550140625
7 0.48732394375 0.246612465625 0.50140845 0.23306233125000003 0.5239436625 0.205962059375 0.5295774640625 0.1924119234375 0.5352112671875 0.165311653125 0.5352112671875 0.1436314359375 0.5267605640624999 0.12737127343750002 0.5154929578125 0.11653116562500002 0.50140845 0.1138211375 0.48450704218749996 0.1355013546875 0.4732394359375 0.1626016265625 0.46666666718750005 0.205962059375 0.4647887328125 0.222222221875 0.467605634375 0.23306233125000003 0.4732394359375 0.2411924125 0.48732394375 0.246612465625
1 0.7887323937499999 0.7208672093749999 0.8281690140625001 0.7208672093749999 0.8591549296875 0.6991869921875 0.8704225359375 0.68563685625 0.8732394359375 0.677506775 0.8732394359375 0.6422764234375 0.867605634375 0.62059620625 0.8478873234375 0.612466125 0.8338028171874999 0.609756096875 0.8169014078125001 0.609756096875 0.7971830984375 0.62059620625 0.7830985921875 0.6341463421875 0.7746478875 0.6504065046874999 0.7746478875 0.7073170734375 0.7802816906250001 0.7181571812499999 0.7887323937499999 0.7208672093749999
6 0.10422535156249998 0.528455284375 0.08732394375 0.5257452578125 0.0338028171875 0.5257452578125 0.01126760625 0.544715446875 0.005633803125 0.5663956640625 0.0028169015625 0.585365853125 0.050704225000000006 0.6151761515625 0.107042253125 0.5365853656249999 0.10422535156249998 0.528455284375
6 0.43661971875 0.44715447187499996 0.4591549296875 0.43902439062500004 0.467605634375 0.42818428124999997 0.4732394359375 0.414634146875 0.4732394359375 0.40108401093749996 0.44788732343750004 0.3739837390625 0.4338028171875 0.37127371249999996 0.3915492953125 0.3929539296875 0.3718309859375 0.40650406562499997 0.36338028125 0.42818428124999997 0.369014084375 0.44444444375 0.3915492953125 0.44715447187499996 0.43661971875 0.44715447187499996
7 0.7746478875 0.36314363125 0.7971830984375 0.37127371249999996 0.8140845078125001 0.37127371249999996 0.8450704218749999 0.3523035234375 0.8478873234375 0.34688346875 0.8478873234375 0.322493225 0.8450704218749999 0.3170731703125 0.8028169015625 0.2899729 0.7859154921875 0.2899729 0.754929578125 0.3089430890625 0.754929578125 0.3360433609375 0.7605633796875 0.34688346875 0.7746478875 0.36314363125