2 0.6762177656249999 0.15 0.6876790828125 0.15277777812499999 0.747851003125 0.15277777812499999 0.756446990625 0.1361111109375 0.756446990625 0.125 0.7191977078125 0.072222221875 0.70200573125 0.0638888890625 0.6762177656249999 0.061111110937500004 0.664756446875 0.0638888890625 0.633237821875 0.0888888890625 0.6275071640625 0.10555555624999999 0.6303724921875 0.1166666671875 0.6618911171875 0.14444444375 0.6762177656249999 0.15
2 0 0.6333333328124999 0.0085959890625 0.6416666671875 0.0286532953125 0.6416666671875 0.09169054374999999 0.602777778125 0.10601719218750001 0.5916666671875 0.108882521875 0.5888888890625 0.11461318125 0.5694444437499999 0.10601719218750001 0.5555555562500001 0.09169054374999999 0.54444444375 0.06303725 0.5416666671875 0.045845271874999996 0.55 0.0028653296875000003 0.5888888890625 0 0.6 0 0.6333333328124999
2 0.9197707734374999 0 0.8939828078125001 0.019444443750000002 0.8664756453125 0.0561111109375 0.8481375359375001 0.08055555625000001 0.8481375359375001 0.0861111109375 0.8567335249999999 0.102777778125 0.8825214906250001 0.102777778125 0.9054441265625 0.0888888890625 0.9398280796874999 0.05 0.94842406875 0.019444443750000002 0.94842406875 0.0083333328125 0.93696275 0 0.9197707734374999 0
2 0.25214899687500003 0.12222222187500001 0.25787965625 0.125 0.2865329515625 0.1166666671875 0.2951289390625 0.1111111109375 0.3008595984375 0.102777778125 0.30372492812499996 0.075 0.283667621875 0.055555556250000006 0.24355300937500002 0.0333333328125 0.22636103125 0.0333333328125 0.21203438437500002 0.047222221875 0.1977077359375 0.0638888890625 0.1977077359375 0.075 0.2234957015625 0.1 0.25214899687500003 0.12222222187500001
2 0.5501432671875001 0.222222221875 0.573065903125 0.20555555625 0.5816618906250001 0.197222221875 0.59885386875 0.15277777812499999 0.5816618906250001 0.1361111109375 0.5444126078125 0.1361111109375 0.5272206296874999 0.13888888906250002 0.5157593125 0.14444444375 0.510028653125 0.15277777812499999 0.5014326640625 0.1666666671875 0.5014326640625 0.1833333328125 0.5272206296874999 0.222222221875 0.5501432671875001 0.222222221875
2 0.88538681875 0.35555555625 0.9054441265625 0.35 0.9140401140625001 0.34444444375 0.9169054437499999 0.325 0.9140401140625001 0.31944444375000003 0.9054441265625 0.3111111109375 0.8825214906250001 0.30555555624999997 0.84527220625 0.30555555624999997 0.8223495703125 0.3083333328125 0.808022921875 0.31944444375000003 0.799426934375 0.33055555625 0.799426934375 0.3416666671875 0.8252149 0.352777778125 0.88538681875 0.35555555625
2 0.779369628125 0.3 0.7851002859375 0.29444444375 0.7822349562500001 0.25 0.7707736390625 0.2388888890625 0.7392550140624999 0.23333333281250002 0.7220630375 0.22777777812500002 0.70200573125 0.2388888890625 0.6934097421875001 0.25 0.6905444125 0.2638888890625 0.6905444125 0.28055555625 0.7048710609375 0.2916666671875 0.779369628125 0.3
2 0.2808022921875 0.40277777812500004 0.28939828125 0.3888888890625 0.283667621875 0.352777778125 0.2750716328125 0.3361111109375 0.26934097343749996 0.33055555625 0.2406876796875 0.32777777812500003 0.2349570203125 0.33055555625 0.2234957015625 0.34444444375 0.21203438437500002 0.36944444375 0.22922636093749998 0.4166666671875 0.2492836671875 0.4166666671875 0.2808022921875 0.40277777812500004
2 0.8595988531250001 0.29444444375 0.8739255015625 0.28611111093749997 0.9025787968750001 0.2638888890625 0.9025787968750001 0.25555555625 0.88538681875 0.225 0.8681948421874999 0.225 0.839541546875 0.2416666671875 0.8252149 0.26944444375 0.8223495703125 0.28611111093749997 0.8252149 0.29444444375 0.8338108875 0.3 0.8595988531250001 0.29444444375
2 0.84527220625 0.6888888890625 0.8567335249999999 0.6861111109375 0.8710601718750001 0.6777777781250001 0.8767908312499999 0.6638888890625 0.830945559375 0.6333333328124999 0.81375358125 0.6333333328124999 0.7822349562500001 0.65 0.7851002859375 0.672222221875 0.8022922640625 0.6861111109375 0.84527220625 0.6888888890625
2 0.8825214906250001 0.1888888890625 0.8882521484374999 0.1916666671875 0.9083094562499999 0.19444444375 0.9312320921874999 0.177777778125 0.9283667624999999 0.16388888906250001 0.9226361031250001 0.15277777812499999 0.9083094562499999 0.13333333281249998 0.8939828078125001 0.12222222187500001 0.8882521484374999 0.11944444375 0.8710601718750001 0.11944444375 0.8567335249999999 0.13333333281249998 0.8538681953125 0.13888888906250002 0.8538681953125 0.15277777812499999 0.8567335249999999 0.16388888906250001 0.8825214906250001 0.1888888890625
2 0.5702005734375 0.7666666671875 0.59885386875 0.752777778125 0.6074498562499999 0.7361111109375 0.6045845265625001 0.70555555625 0.59885386875 0.6916666671875 0.5902578796875 0.6888888890625 0.573065903125 0.6888888890625 0.561604584375 0.6916666671875 0.5501432671875001 0.702777778125 0.5386819484375 0.722222221875 0.541547278125 0.75 0.5501432671875001 0.7611111109375 0.5702005734375 0.7666666671875
2 0.43266475625 0.5833333328125 0.45558739218750005 0.5555555562500001 0.4212034390625 0.5166666671875 0.4040114609375 0.5138888890625 0.39255014374999997 0.525 0.386819484375 0.5388888890625 0.386819484375 0.5722222218749999 0.406876790625 0.5916666671875 0.43266475625 0.5833333328125
2 0.283667621875 0.8222222218749999 0.29799426875 0.8055555562500001 0.3008595984375 0.7916666671875 0.3008595984375 0.76944444375 0.2865329515625 0.7638888890625 0.26934097343749996 0.7638888890625 0.2492836671875 0.76944444375 0.24355300937500002 0.777777778125 0.22922636093749998 0.8111111109375001 0.22636103125 0.8333333328125001 0.2349570203125 0.8388888890624999 0.25787965625 0.8388888890624999 0.283667621875 0.8222222218749999
2 0.6876790828125 0.38055555625 0.6876790828125 0.3583333328125 0.6762177656249999 0.3416666671875 0.6504298000000001 0.33055555625 0.633237821875 0.33055555625 0.6131805156250001 0.35555555625 0.59885386875 0.38055555625 0.633237821875 0.3888888890625 0.6762177656249999 0.3888888890625 0.6876790828125 0.38055555625
2 0.573065903125 0.6 0.6017191984375 0.60555555625 0.6475644703125 0.6083333328125 0.6561604578125 0.5888888890625 0.633237821875 0.5694444437499999 0.5959885390624999 0.5583333328125 0.5759312328124999 0.5583333328125 0.561604584375 0.5694444437499999 0.561604584375 0.5833333328125 0.56733524375 0.5888888890625 0.573065903125 0.6
2 0.30372492812499996 0.952777778125 0.315186246875 0.9444444437499999 0.30372492812499996 0.9138888890624999 0.2550143265625 0.9083333328125001 0.23782235 0.9083333328125001 0.2349570203125 0.9111111109375001 0.2234957015625 0.9388888890624999 0.23782235 0.9583333328125001 0.25787965625 0.9583333328125001 0.30372492812499996 0.952777778125
2 0.1575931234375 0.9638888890624999 0.180515759375 0.9694444437499999 0.191977078125 0.9638888890624999 0.1977077359375 0.922222221875 0.191977078125 0.9083333328125001 0.1833810890625 0.9 0.16618911249999999 0.89444444375 0.148997134375 0.9 0.13753581718750002 0.9083333328125001 0.128939828125 0.922222221875 0.1346704875 0.9388888890624999 0.143266475 0.952777778125 0.1575931234375 0.9638888890624999
2 0.58739255 0.827777778125 0.6217765046875 0.827777778125 0.6418338109375 0.8055555562500001 0.6418338109375 0.797222221875 0.633237821875 0.76944444375 0.6074498562499999 0.7611111109375 0.5902578796875 0.7611111109375 0.573065903125 0.7666666671875 0.561604584375 0.7888888890625 0.561604584375 0.79444444375 0.5816618906250001 0.825 0.58739255 0.827777778125
2 0.1776504296875 0.177777778125 0.21203438437500002 0.177777778125 0.22636103125 0.1583333328125 0.22922636093749998 0.15 0.22922636093749998 0.13333333281249998 0.21203438437500002 0.1111111109375 0.1977077359375 0.10555555624999999 0.180515759375 0.10555555624999999 0.16332378281249998 0.11944444375 0.1575931234375 0.13888888906250002 0.1575931234375 0.1583333328125 0.160458453125 0.175 0.1776504296875 0.177777778125
2 0.49570200625 0.325 0.5014326640625 0.322222221875 0.521489971875 0.2916666671875 0.521489971875 0.28055555625 0.510028653125 0.25 0.4928366765625 0.24722222187499998 0.469914040625 0.2611111109375 0.46131805156250005 0.272222221875 0.45558739218750005 0.29722222187499997 0.46131805156250005 0.3138888890625 0.4670487109375 0.31944444375000003 0.49570200625 0.325
2 0.0716332375 0.70555555625 0.08595988593750001 0.6972222218749999 0.097421203125 0.672222221875 0.08595988593750001 0.65 0.077363896875 0.64444444375 0.0601719203125 0.64444444375 0.022922635937499998 0.6666666671875 0.014326646874999998 0.6777777781250001 0.0171919765625 0.6888888890625 0.031518625 0.6972222218749999 0.0716332375 0.70555555625
2 0.8166189109375 0.147222221875 0.839541546875 0.1166666671875 0.839541546875 0.1 0.8252149 0.0916666671875 0.808022921875 0.0861111109375 0.787965615625 0.0916666671875 0.767908309375 0.10833333281249999 0.76217765 0.1361111109375 0.7822349562500001 0.147222221875 0.8108882515625 0.15 0.8166189109375 0.147222221875
2 0.7535816625 0.8861111109375001 0.76217765 0.88055555625 0.7650429796875 0.8388888890624999 0.7507163328125 0.8194444437499999 0.7392550140624999 0.8111111109375001 0.7220630375 0.8111111109375001 0.716332378125 0.8194444437499999 0.7048710609375 0.847222221875 0.70200573125 0.8666666671875 0.7077363890624999 0.88055555625 0.7249283671875 0.8861111109375001 0.7535816625 0.8861111109375001
2 0.9828080234375 0.16944444375 0.9942693406249999 0.1611111109375 1 0.1361111109375 0.98853868125 0.10833333281249999 0.954154728125 0.1 0.93696275 0.11944444375 0.934097421875 0.147222221875 0.9398280796874999 0.1583333328125 0.9512893984374999 0.1666666671875 0.9828080234375 0.16944444375
2 0.3467048703125 0.4 0.3581661890625 0.372222221875 0.36103151875 0.3583333328125 0.36103151875 0.33888888906250003 0.32951289375 0.33055555625 0.3123209171875 0.3361111109375 0.3008595984375 0.34444444375 0.28939828125 0.38055555625 0.30372492812499996 0.397222221875 0.3180515765625 0.4 0.3467048703125 0.4
2 0.4469914046875 0.2638888890625 0.4670487109375 0.25 0.469914040625 0.2388888890625 0.4670487109375 0.23333333281250002 0.45558739218750005 0.2166666671875 0.43839541562499995 0.20555555625 0.43266475625 0.20277777812500003 0.4154727796875 0.20277777812500003 0.4040114609375 0.2166666671875 0.3954154734375 0.23333333281250002 0.3954154734375 0.25 0.40114613125 0.2638888890625 0.4469914046875 0.2638888890625
2 0.3954154734375 0.9083333328125001 0.4040114609375 0.89444444375 0.3954154734375 0.88055555625 0.375358165625 0.8638888890624999 0.3581661890625 0.8638888890624999 0.3467048703125 0.86944444375 0.34097421250000004 0.877777778125 0.3323782234375 0.89444444375 0.3495702 0.922222221875 0.3581661890625 0.925 0.3954154734375 0.9083333328125001
2 0.1891117484375 0.8111111109375001 0.20916905468749997 0.8138888890624999 0.220630371875 0.8055555562500001 0.22922636093749998 0.7833333328125 0.22636103125 0.7666666671875 0.21776504375 0.75555555625 0.191977078125 0.75 0.180515759375 0.75555555625 0.16618911249999999 0.775 0.16618911249999999 0.7916666671875 0.169054440625 0.797222221875 0.1891117484375 0.8111111109375001
2 0.2808022921875 0.5944444437499999 0.25214899687500003 0.547222221875 0.23782235 0.5638888890625 0.22636103125 0.5944444437499999 0.22922636093749998 0.6083333328125 0.25787965625 0.6166666671875001 0.2808022921875 0.5944444437499999
2 0.6017191984375 0.6861111109375 0.6131805156250001 0.6638888890625 0.59885386875 0.6416666671875 0.5759312328124999 0.6361111109375 0.5587392546875 0.6361111109375 0.5444126078125 0.65 0.541547278125 0.6638888890625 0.5501432671875001 0.6861111109375 0.5702005734375 0.6888888890625 0.6017191984375 0.6861111109375
1 0.58739255 0.47222222187499996 0.4670487109375 0.47222222187499996 0.4670487109375 0.5611111109375 0.58739255 0.5611111109375 0.58739255 0.47222222187499996
5 0.530085959375 0.70555555625 0.42406876718750003 0.70555555625 0.42406876718750003 0.8138888890624999 0.530085959375 0.8138888890624999 0.530085959375 0.70555555625
7 0.386819484375 0.5333333328125 0.25214899687500003 0.5333333328125 0.25214899687500003 0.5888888890625 0.386819484375 0.5888888890625 0.386819484375 0.5333333328125
7 0.20916905468749997 0.21111111093749999 0.0744985671875 0.21111111093749999 0.0744985671875 0.272222221875 0.20916905468749997 0.272222221875 0.20916905468749997 0.21111111093749999
7 0.530085959375 0.5833333328125 0.4097421203125 0.5833333328125 0.4097421203125 0.64444444375 0.530085959375 0.64444444375 0.530085959375 0.5833333328125
7 0.29799426875 0.46944444374999994 0.1776504296875 0.46944444374999994 0.1776504296875 0.525 0.29799426875 0.525 0.29799426875 0.46944444374999994
5 0.9283667624999999 0.9 0.8338108875 0.9 0.8338108875 0.997222221875 0.9283667624999999 0.997222221875 0.9283667624999999 0.9
2 0.8595988531250001 0.425 0.7535816625 0.425 0.7535816625 0.5 0.8595988531250001 0.5 0.8595988531250001 0.425
7 0.8338108875 0.725 0.716332378125 0.725 0.716332378125 0.7611111109375 0.8338108875 0.7611111109375 0.8338108875 0.725
7 0.8538681953125 0.33055555625 0.747851003125 0.33055555625 0.747851003125 0.39444444375 0.8538681953125 0.39444444375 0.8538681953125 0.33055555625
2 0.6790830953125 0.23611111093749998 0.6074498562499999 0.23611111093749998 0.6074498562499999 0.33888888906250003 0.6790830953125 0.33888888906250003 0.6790830953125 0.23611111093749998
7 0.180515759375 0.8027777781250001 0.0744985671875 0.8027777781250001 0.0744985671875 0.86944444375 0.180515759375 0.86944444375 0.180515759375 0.8027777781250001
7 0.08309455624999999 0.7111111109375 0.025787965625 0.7111111109375 0.025787965625 0.8138888890624999 0.08309455624999999 0.8138888890624999 0.08309455624999999 0.7111111109375
7 0.8166189109375 0.54444444375 0.71060171875 0.54444444375 0.71060171875 0.5916666671875 0.8166189109375 0.5916666671875 0.8166189109375 0.54444444375
2 0.375358165625 0.147222221875 0.28939828125 0.147222221875 0.28939828125 0.222222221875 0.375358165625 0.222222221875 0.375358165625 0.147222221875
7 0.2808022921875 0.15277777812499999 0.2234957015625 0.15277777812499999 0.2234957015625 0.2416666671875 0.2808022921875 0.2416666671875 0.2808022921875 0.15277777812499999
7 0.315186246875 0.2666666671875 0.2234957015625 0.2666666671875 0.2234957015625 0.322222221875 0.315186246875 0.322222221875 0.315186246875 0.2666666671875
2 0.9455587390625 0.397222221875 0.8739255015625 0.397222221875 0.8739255015625 0.48055555625 0.9455587390625 0.48055555625 0.9455587390625 0.397222221875
2 0.6905444125 0.8055555562500001 0.6275071640625 0.8055555562500001 0.6275071640625 0.8861111109375001 0.6905444125 0.8861111109375001 0.6905444125 0.8055555562500001
2 0.974212034375 0.225 0.9083094562499999 0.225 0.9083094562499999 0.3083333328125 0.974212034375 0.3083333328125 0.974212034375 0.225
2 0.169054440625 0.48333333281249996 0.09169054374999999 0.48333333281249996 0.09169054374999999 0.5583333328125 0.169054440625 0.5583333328125 0.169054440625 0.48333333281249996
2 0.98853868125 0.547222221875 0.9312320921874999 0.547222221875 0.9312320921874999 0.63055555625 0.98853868125 0.63055555625 0.98853868125 0.547222221875
2 0.6217765046875 0.23333333281250002 0.5444126078125 0.23333333281250002 0.5444126078125 0.29444444375 0.6217765046875 0.29444444375 0.6217765046875 0.23333333281250002
2 0.839541546875 0.1833333328125 0.7822349562500001 0.1833333328125 0.7822349562500001 0.2666666671875 0.839541546875 0.2666666671875 0.839541546875 0.1833333328125
7 0.3782234953125 0.4583333328125 0.315186246875 0.4583333328125 0.315186246875 0.5416666671875 0.3782234953125 0.5416666671875 0.3782234953125 0.4583333328125
7 0.206303725 0.64444444375 0.1575931234375 0.64444444375 0.1575931234375 0.725 0.206303725 0.725 0.206303725 0.64444444375
7 0.30372492812499996 0.6666666671875 0.22636103125 0.6666666671875 0.22636103125 0.73055555625 0.30372492812499996 0.73055555625 0.30372492812499996 0.6666666671875
2 0.4469914046875 0.2666666671875 0.3696275078125 0.2666666671875 0.3696275078125 0.32777777812500003 0.4469914046875 0.32777777812500003 0.4469914046875 0.2666666671875
7 0.9025787968750001 0.7638888890625 0.84527220625 0.7638888890625 0.84527220625 0.847222221875 0.9025787968750001 0.847222221875 0.9025787968750001 0.7638888890625
2 0.20916905468749997 0.31944444375000003 0.12320916875000001 0.31944444375000003 0.12320916875000001 0.36666666718749996 0.20916905468749997 0.36666666718749996 0.20916905468749997 0.31944444375000003
2 0.6160458453125 0.40277777812500004 0.5444126078125 0.40277777812500004 0.5444126078125 0.47222222187499996 0.6160458453125 0.47222222187499996 0.6160458453125 0.40277777812500004
2 0.4928366765625 0.058333332812500006 0.406876790625 0.058333332812500006 0.406876790625 0.10555555624999999 0.4928366765625 0.10555555624999999 0.4928366765625 0.058333332812500006
2 0.375358165625 0.10833333281249999 0.28939828125 0.10833333281249999 0.28939828125 0.15 0.375358165625 0.15 0.375358165625 0.10833333281249999
2 0.2406876796875 0.5138888890625 0.1776504296875 0.5138888890625 0.1776504296875 0.5833333328125 0.2406876796875 0.5833333328125 0.2406876796875 0.5138888890625
7 0.148997134375 0.6611111109375 0.1002865328125 0.6611111109375 0.1002865328125 0.7361111109375 0.148997134375 0.7361111109375 0.148997134375 0.6611111109375
2 0.6160458453125 0.9305555562500001 0.5530085953125 0.9305555562500001 0.5530085953125 0.99444444375 0.6160458453125 0.99444444375 0.6160458453125 0.9305555562500001
7 0.1575931234375 0.0888888890625 0.08595988593750001 0.0888888890625 0.08595988593750001 0.1361111109375 0.1575931234375 0.1361111109375 0.1575931234375 0.0888888890625
7 0.5386819484375 0.40277777812500004 0.47564469843749996 0.40277777812500004 0.47564469843749996 0.46666666718750005 0.5386819484375 0.46666666718750005 0.5386819484375 0.40277777812500004
2 0.5071633234374999 0.88055555625 0.43553008593750003 0.88055555625 0.43553008593750003 0.9361111109375001 0.5071633234374999 0.9361111109375001 0.5071633234374999 0.88055555625
2 0.9169054437499999 0.5833333328125 0.8595988531250001 0.5833333328125 0.8595988531250001 0.65 0.9169054437499999 0.65 0.9169054437499999 0.5833333328125
2 0.664756446875 0.61944444375 0.58739255 0.61944444375 0.58739255 0.652777778125 0.664756446875 0.652777778125 0.664756446875 0.61944444375
2 0.7822349562500001 0.9111111109375001 0.7191977078125 0.9111111109375001 0.7191977078125 0.972222221875 0.7822349562500001 0.972222221875 0.7822349562500001 0.9111111109375001
2 0.7965616046874999 0.39444444375 0.7249283671875 0.39444444375 0.7249283671875 0.44166666718750003 0.7965616046874999 0.44166666718750003 0.7965616046874999 0.39444444375
2 0.1461318046875 0.15 0.0744985671875 0.15 0.0744985671875 0.1916666671875 0.1461318046875 0.1916666671875 0.1461318046875 0.15
2 0.46131805156250005 0.9111111109375001 0.3954154734375 0.9111111109375001 0.3954154734375 0.9666666671874999 0.46131805156250005 0.9666666671874999 0.46131805156250005 0.9111111109375001
2 0.7191977078125 0.9166666671874999 0.6676217765625 0.9166666671874999 0.6676217765625 0.98055555625 0.7191977078125 0.98055555625 0.7191977078125 0.9166666671874999
2 0.5959885390624999 0.89444444375 0.5243553015625 0.89444444375 0.5243553015625 0.9361111109375001 0.5959885390624999 0.9361111109375001 0.5959885390624999 0.89444444375
2 0.9627507156249999 0.6916666671875 0.8997134671874999 0.6916666671875 0.8997134671874999 0.7388888890625 0.9627507156249999 0.7388888890625 0.9627507156249999 0.6916666671875
2 0.8252149 1 0.8252149 0.952777778125 0.76217765 0.952777778125 0.76217765 1 0.8252149 1
2 0.3954154734375 0.04444444375 0.34097421250000004 0.04444444375 0.34097421250000004 0.1 0.3954154734375 0.1 0.3954154734375 0.04444444375
2 0.5501432671875001 0.3138888890625 0.4842406875 0.3138888890625 0.4842406875 0.3638888890625 0.5501432671875001 0.3638888890625 0.5501432671875001 0.3138888890625
2 0.44126074531250004 0.1166666671875 0.3782234953125 0.1166666671875 0.3782234953125 0.1583333328125 0.44126074531250004 0.1583333328125 0.44126074531250004 0.1166666671875
2 0.5272206296874999 0.9277777781250001 0.469914040625 0.9277777781250001 0.469914040625 0.9833333328125 0.5272206296874999 0.9833333328125 0.5272206296874999 0.9277777781250001
2 0.489971346875 0.13888888906250002 0.4469914046875 0.13888888906250002 0.4469914046875 0.20277777812500003 0.489971346875 0.20277777812500003 0.489971346875 0.13888888906250002
7 0.8166189109375 0.7888888890625 0.76217765 0.7888888890625 0.76217765 0.8416666671874999 0.8166189109375 0.8416666671874999 0.8166189109375 0.7888888890625
2 0.1346704875 0.9361111109375001 0.077363896875 0.9361111109375001 0.077363896875 0.9833333328125 0.1346704875 0.9833333328125 0.1346704875 0.9361111109375001
2 0.747851003125 0.6611111109375 0.6962750718749999 0.6611111109375 0.6962750718749999 0.7083333328125 0.747851003125 0.7083333328125 0.747851003125 0.6611111109375
7 0.7392550140624999 0.35 0.6962750718749999 0.35 0.6962750718749999 0.3888888890625 0.7392550140624999 0.3888888890625 0.7392550140624999 0.35