6 0.5659898484375 0.15977961406250002 0.5736040609375 0.154269971875 0.578680203125 0.137741046875 0.5812182734375 0.121212121875 0.578680203125 0.0798898078125 0.550761421875 0.011019284375 0.5355329953125 0.0055096421875 0.44670050781250004 0.0027548203125 0.43147208125000003 0.0220385671875 0.42301184531249997 0.0932047734375 0.42131979687500004 0.121212121875 0.4873096453125 0.15977961406250002 0.5 0.1625344359375 0.5659898484375 0.15977961406250002
6 0.5659898484375 0.31955922812500004 0.6319796953125 0.31680440781249997 0.64467005 0.3085399453125 0.654822334375 0.294765840625 0.667512690625 0.2617079890625 0.6700507609375 0.23415977968749999 0.6218274109374999 0.19008264531250002 0.6015228421875001 0.18181818125 0.5862944156250001 0.18181818125 0.5634517765625 0.1983471078125 0.530456853125 0.27548209375 0.52791878125 0.294765840625 0.530456853125 0.30578512343750003 0.54822335 0.31680440781249997 0.5659898484375 0.31955922812500004
6 0.9238578687500001 0.29752066093749996 0.97208121875 0.303030303125 0.97969543125 0.29201101875 0.9949238578124999 0.2451790640625 0.9974619296875 0.209366390625 0.9873096453124999 0.1790633609375 0.97208121875 0.146005509375 0.921319796875 0.16528925625 0.8934010156250001 0.1790633609375 0.89086294375 0.1873278234375 0.8883248734375 0.209366390625 0.89086294375 0.26721763125 0.9010152281250001 0.2892561984375 0.9238578687500001 0.29752066093749996
6 0.3147208125 0.5509641875 0.324873096875 0.539944903125 0.3274111671875 0.5289256203125 0.3172588828125 0.5068870515625 0.304568528125 0.4931129484375 0.263959390625 0.4820936640625 0.24111675156249998 0.4903581265625 0.195431471875 0.5344352609375 0.1852791875 0.55922865 0.187817259375 0.5730027546875001 0.2005076140625 0.586776859375 0.3147208125 0.5509641875
6 0.46192893437500004 0.586776859375 0.4847715734375 0.5730027546875001 0.49746192968749997 0.5537190078124999 0.5076142124999999 0.48760330625000003 0.5 0.47658402187500004 0.48223350312499996 0.460055096875 0.45685279218749997 0.4738292015625 0.42385786875000003 0.5068870515625 0.42131979687500004 0.52066115625 0.4187817265625 0.5371900828125 0.428934009375 0.5619834703125 0.43654822343750005 0.5730027546875001 0.46192893437500004 0.586776859375
6 0.324873096875 0.36914600625 0.34263959375 0.37741046875 0.41116751249999994 0.38016528906249997 0.42385786875000003 0.3608815421875 0.42385786875000003 0.3250688703125 0.42131979687500004 0.29752066093749996 0.4035533 0.25895316875 0.3857868015625 0.25895316875 0.34517766562499996 0.26721763125 0.3299492390625 0.2809917359375 0.3172588828125 0.30578512343750003 0.312182740625 0.3360881546875 0.312182740625 0.3526170796875 0.3147208125 0.3608815421875 0.324873096875 0.36914600625
6 0.4746192890625 0.358126721875 0.4873096453125 0.3608815421875 0.49746192968749997 0.349862259375 0.5076142124999999 0.3250688703125 0.5076142124999999 0.3085399453125 0.49746192968749997 0.294765840625 0.4847715734375 0.28374655625 0.4644670046875 0.2782369140625 0.45177664999999995 0.28374655625 0.43654822343750005 0.303030303125 0.4340101515625 0.31680440781249997 0.44162436562499996 0.3333333328125 0.449238578125 0.3443526171875 0.4746192890625 0.358126721875
6 0.9010152281250001 0.019283746875 0.736040609375 0.019283746875 0.736040609375 0.1955922859375 0.9010152281250001 0.1955922859375 0.9010152281250001 0.019283746875
6 0.4162436546875 0.5950413218749999 0.2588832484375 0.5950413218749999 0.2588832484375 0.72451790625 0.4162436546875 0.72451790625 0.4162436546875 0.5950413218749999
6 0.723350253125 0.3443526171875 0.56091370625 0.3443526171875 0.56091370625 0.46280991718750003 0.723350253125 0.46280991718750003 0.723350253125 0.3443526171875
6 0.2005076140625 0.07438016562500001 0.07614213125 0.07438016562500001 0.07614213125 0.2258953171875 0.2005076140625 0.2258953171875 0.2005076140625 0.07438016562500001
6 0.6700507609375 0.790633609375 0.530456853125 0.790633609375 0.530456853125 0.9228650140625 0.6700507609375 0.9228650140625 0.6700507609375 0.790633609375
6 0.274111675 1 0.274111675 0.870523415625 0.1370558375 0.870523415625 0.1370558375 1 0.274111675 1
6 0.352791878125 0.5344352609375 0.19796954375 0.5344352609375 0.19796954375 0.6363636359375 0.352791878125 0.6363636359375 0.352791878125 0.5344352609375
6 0.1421319796875 0.688705234375 0.010152284374999999 0.688705234375 0.010152284374999999 0.8099173546875 0.1421319796875 0.8099173546875 0.1421319796875 0.688705234375
6 0 0.451790634375 0.12690355312499998 0.451790634375 0.12690355312499998 0.3360881546875 0 0.3360881546875 0 0.451790634375
6 0.65736040625 0.460055096875 0.5355329953125 0.460055096875 0.5355329953125 0.575757575 0.65736040625 0.575757575 0.65736040625 0.460055096875
6 0.5659898484375 0.5922865015625 0.42385786875000003 0.5922865015625 0.42385786875000003 0.688705234375 0.5659898484375 0.688705234375 0.5659898484375 0.5922865015625
6 0.3197969546875 0.0881542703125 0.21573604062500001 0.0881542703125 0.21573604062500001 0.2258953171875 0.3197969546875 0.2258953171875 0.3197969546875 0.0881542703125
6 0.9923857875 0.09641873281249999 0.8527918781249999 0.09641873281249999 0.8527918781249999 0.176308540625 0.9923857875 0.176308540625 0.9923857875 0.09641873281249999
6 0.14467005 0.45454545468749996 0.050761421875000004 0.45454545468749996 0.050761421875000004 0.5895316796875 0.14467005 0.5895316796875 0.14467005 0.45454545468749996
6 0.3375634515625 0.7190082640625 0.2335025375 0.7190082640625 0.2335025375 0.845730028125 0.3375634515625 0.845730028125 0.3375634515625 0.7190082640625
6 0.380710659375 0.05509641875 0.2791878171875 0.05509641875 0.2791878171875 0.17355371875 0.380710659375 0.17355371875 0.380710659375 0.05509641875