6 0 0.19312169375 0.1654846328125 0.19312169375 0.1654846328125 0.002645503125 0 0.002645503125 0 0.19312169375
6 0.626477540625 0.671957671875 0.5035461 0.671957671875 0.5035461 0.841269840625 0.626477540625 0.841269840625 0.626477540625 0.671957671875
6 0.505910165625 1 0.505910165625 0.8703703703125001 0.40661938593749997 0.8703703703125001 0.40661938593749997 1 0.505910165625 1
6 0.7092198578125 0.38095238125 0.6146572109374999 0.38095238125 0.6146572109374999 0.5132275125 0.7092198578125 0.5132275125 0.7092198578125 0.38095238125
6 0.8510638296874999 0.103174603125 0.7517730499999999 0.103174603125 0.7517730499999999 0.20370370312500002 0.8510638296874999 0.20370370312500002 0.8510638296874999 0.103174603125
6 0.5508274234375 0.809523809375 0.4893617015625 0.809523809375 0.4893617015625 0.93121693125 0.5508274234375 0.93121693125 0.5508274234375 0.809523809375
6 0.711583925 0.21164021093750002 0.6312056734375 0.21164021093750002 0.6312056734375 0.30687830625 0.711583925 0.30687830625 0.711583925 0.21164021093750002
6 0.45862884218750005 0.7328042328125 0.477541371875 0.7275132281250001 0.4846335703125 0.7195767203125001 0.5011820328125001 0.6957671953125 0.5011820328125001 0.6798941796875 0.4964539 0.6613756609375 0.477541371875 0.61904761875 0.4468085109375 0.5634920640625001 0.4326241140625 0.547619046875 0.41607564999999996 0.5370370375 0.40425531875000004 0.534391534375 0.3593380609375 0.534391534375 0.3569739953125 0.5370370375 0.34672970937500003 0.57583774375 0.326241134375 0.653439153125 0.373522459375 0.724867725 0.38534278906249997 0.7354497359375001 0.45862884218750005 0.7328042328125
6 0.257683215625 0.3174603171875 0.10874704531249998 0.3174603171875 0.10874704531249998 0.4894179890625 0.257683215625 0.4894179890625 0.257683215625 0.3174603171875
6 1 0.7883597890625 0.8297872343750001 0.7883597890625 0.8297872343750001 0.9126984125 1 0.9126984125 1 0.7883597890625
6 0.846335696875 0.777777778125 0.711583925 0.777777778125 0.711583925 0.9417989421874999 0.846335696875 0.9417989421874999 0.846335696875 0.777777778125
6 0.61229314375 0.16931216875 0.477541371875 0.16931216875 0.477541371875 0.328042328125 0.61229314375 0.328042328125 0.61229314375 0.16931216875
6 0.130023640625 0.896825396875 0.1371158390625 0.8994709000000001 0.15366430312499998 0.8994709000000001 0.1914893609375 0.8703703703125001 0.19858156093749998 0.8624338625 0.2033096921875 0.796296296875 0.2033096921875 0.7883597890625 0.20094562656249998 0.7830687828125 0.17966903125 0.7698412703125 0.1442080375 0.7539682546875001 0.11583924375000001 0.7539682546875001 0.10401891249999999 0.7645502640624999 0.0945626484375 0.7945326265625 0.089834515625 0.809523809375 0.089834515625 0.8227513234374999 0.0945626484375 0.846560846875 0.130023640625 0.896825396875
6 0.15366430312499998 0.6269841265625 0.1631205671875 0.624338625 0.2127659578125 0.5925925921874999 0.21513002343749998 0.5846560843749999 0.21513002343749998 0.566137565625 0.21040189062499998 0.55026455 0.17730496406250001 0.5264550265625 0.0969267140625 0.53174603125 0.0851063828125 0.534391534375 0.0827423171875 0.5449735453125 0.0827423171875 0.5846560843749999 0.13238770625000001 0.624338625 0.15366430312499998 0.6269841265625
6 0.8037825062499999 0.1984126984375 0.713947990625 0.1984126984375 0.713947990625 0.3359788359375 0.8037825062499999 0.3359788359375 0.8037825062499999 0.1984126984375
6 0.34515366406250003 0.2142857140625 0.2505910171875 0.2142857140625 0.2505910171875 0.341269840625 0.34515366406250003 0.341269840625 0.34515366406250003 0.2142857140625
6 0.8912529546875 0.1825396828125 0.8156028375 0.1825396828125 0.8156028375 0.3201058203125 0.8912529546875 0.3201058203125 0.8912529546875 0.1825396828125
6 0.872340425 0.6957671953125 0.78014184375 0.6957671953125 0.78014184375 0.7883597890625 0.872340425 0.7883597890625 0.872340425 0.6957671953125
6 0.7990543734375 0.547619046875 0.730496453125 0.547619046875 0.730496453125 0.658730159375 0.7990543734375 0.658730159375 0.7990543734375 0.547619046875
6 0.8959810875 0.5079365078125 0.9172576828125001 0.5079365078125 0.9267139484375001 0.4947089953125 0.9196217499999999 0.46296296249999996 0.9054373515625 0.43121693125 0.8959810875 0.4232804234375 0.869976359375 0.4126984125 0.8557919625 0.41798941875000006 0.846335696875 0.43121693125 0.84397163125 0.4391534390625 0.84397163125 0.4761904765625 0.858156028125 0.4920634921875 0.8959810875 0.5079365078125
6 0.37588652499999997 0.5740740734374999 0.288416075 0.5740740734374999 0.288416075 0.658730159375 0.37588652499999997 0.658730159375 0.37588652499999997 0.5740740734374999
6 0.711583925 0.8333333328125001 0.65248226875 0.8333333328125001 0.65248226875 0.9444444437499999 0.711583925 0.9444444437499999 0.711583925 0.8333333328125001
6 0.43026004687499997 0.45767195781250003 0.3593380609375 0.45767195781250003 0.3593380609375 0.55026455 0.43026004687499997 0.55026455 0.43026004687499997 0.45767195781250003
6 0.4326241140625 0.3492063484375 0.442080378125 0.3359788359375 0.4468085109375 0.3174603171875 0.44444444375 0.29365079375 0.41134751718749996 0.275132275 0.3829787234375 0.275132275 0.37588652499999997 0.2804232796875 0.373522459375 0.2883597890625 0.38534278906249997 0.3227513234375 0.40425531875000004 0.3492063484375 0.4326241140625 0.3492063484375
6 0.5673758859375 0.534391534375 0.53191489375 0.534391534375 0.53191489375 0.5925925921874999 0.5673758859375 0.5925925921874999 0.5673758859375 0.534391534375