6 0.5977653625 0.2734375 0.43016759843749997 0.2734375 0.43016759843749997 0.484375 0.5977653625 0.484375 0.5977653625 0.2734375
6 0.8184357546875001 0.4375 0.8463687156249999 0.4296875 0.868715084375 0.3984375 0.8715083796875 0.3854166671875 0.8631284921875 0.3046875 0.8575419 0.2760416671875 0.8407821234374999 0.2552083328125 0.70949720625 0.3072916671875 0.6871508375000001 0.3203125 0.6703910609375 0.3463541671875 0.667597765625 0.359375 0.667597765625 0.375 0.6731843578125 0.3828125 0.8184357546875001 0.4375
6 0.6815642453125 0.5755208328125 0.5698324015625 0.5755208328125 0.5698324015625 0.7760416671875 0.6815642453125 0.7760416671875 0.6815642453125 0.5755208328125
6 0.37988826875 0.9817708328125001 0.3966480453125 0.9635416671874999 0.413407821875 0.9348958328125001 0.42178770937500004 0.9114583328125001 0.42178770937500004 0.8671875 0.41899441406250004 0.828125 0.39944134062500003 0.8072916671874999 0.34357541875000003 0.8619791671874999 0.31843575468749996 0.9479166671874999 0.32122905 0.9609375 0.3519553078125 0.9817708328125001 0.37988826875 0.9817708328125001
6 0.20949720625 0.7916666671875 0.078212290625 0.7916666671875 0.078212290625 0.9479166671874999 0.20949720625 0.9479166671874999 0.20949720625 0.7916666671875
6 0.511173184375 0.8958333328125001 0.52234636875 0.90625 0.5363128484375 0.9140625 0.5446927374999999 0.921875 0.564245809375 0.921875 0.5921787703125 0.90625 0.6089385468749999 0.875 0.6145251390625 0.8567708328125001 0.6145251390625 0.8411458328125001 0.6033519546874999 0.7942708328125 0.5949720671875001 0.78125 0.5837988828125 0.7760416671875 0.53072625625 0.7760416671875 0.5 0.8046875 0.4972067046875 0.8125 0.4916201125 0.8333333328125001 0.4916201125 0.8671875 0.5 0.8828125 0.511173184375 0.8958333328125001
6 0.8184357546875001 0.7578125 0.8463687156249999 0.7708333328125 0.8854748609374999 0.7708333328125 0.8966480453125 0.7604166671875 0.9162011171875 0.7005208328125 0.9189944140625 0.6901041671875 0.913407821875 0.6666666671875 0.891061453125 0.6432291671875 0.877094971875 0.6328125 0.868715084375 0.6302083328125 0.8156424578125 0.6276041671875 0.8044692734375 0.640625 0.7960893859375 0.7005208328125 0.7960893859375 0.7109375 0.801675978125 0.734375 0.8184357546875001 0.7578125
6 0.6871508375000001 0.9765625 0.7513966484375 0.9557291671874999 0.756983240625 0.9479166671874999 0.765363128125 0.921875 0.765363128125 0.875 0.7513966484375 0.8333333328125001 0.7150837984375 0.8463541671874999 0.6731843578125 0.8671875 0.6424581 0.8854166671874999 0.6396648046875 0.90625 0.6424581 0.921875 0.6592178765625001 0.9635416671874999 0.6871508375000001 0.9765625
6 0.65642458125 0.1875 0.5167597765624999 0.1875 0.5167597765624999 0.3177083328125 0.65642458125 0.3177083328125 0.65642458125 0.1875
6 0.5586592171875 0.5885416671875 0.5921787703125 0.5729166671875 0.6089385468749999 0.5572916671875 0.6173184359375 0.5338541671875 0.6145251390625 0.484375 0.5921787703125 0.4479166671875 0.5810055859375 0.4401041671875 0.56703910625 0.4375 0.5502793296874999 0.4375 0.5279329609375 0.4557291671875 0.511173184375 0.4791666671875 0.511173184375 0.5052083328125 0.5418994406250001 0.5859375 0.5586592171875 0.5885416671875
6 0.7374301671875 0.2630208328125 0.810055865625 0.2109375 0.8128491625 0.1953125 0.810055865625 0.1276041671875 0.8044692734375 0.125 0.7541899437499999 0.125 0.70949720625 0.1692708328125 0.698324021875 0.20052083281250002 0.689944134375 0.23697916718749998 0.689944134375 0.2526041671875 0.6955307265624999 0.2630208328125 0.7374301671875 0.2630208328125
6 0.25418994375000004 0.7369791671875 0.131284915625 0.7369791671875 0.131284915625 0.859375 0.25418994375000004 0.859375 0.25418994375000004 0.7369791671875
6 0.0949720671875 0.1484375 0.13407821250000002 0.1484375 0.175977653125 0.1302083328125 0.18156424531249998 0.125 0.1843575421875 0.1145833328125 0.18156424531249998 0.09375 0.13407821250000002 0.0390625 0.108938546875 0.0260416671875 0.0949720671875 0.0364583328125 0.0837988828125 0.0494791671875 0.06703910625000001 0.08854166718749999 0.06424580937499999 0.1145833328125 0.078212290625 0.1432291671875 0.0837988828125 0.1458333328125 0.0949720671875 0.1484375
6 0.3072625703125 0 0.3072625703125 0.1041666671875 0.444134078125 0.1041666671875 0.444134078125 0 0.3072625703125 0
6 0.7709497203125 0.6536458328125 0.645251396875 0.6536458328125 0.645251396875 0.7708333328125 0.7709497203125 0.7708333328125 0.7709497203125 0.6536458328125
6 0.39106145312499996 0.296875 0.265363128125 0.296875 0.265363128125 0.4088541671875 0.39106145312499996 0.4088541671875 0.39106145312499996 0.296875
6 0.555865921875 0.0078125 0.43016759843749997 0.0078125 0.43016759843749997 0.1171875 0.555865921875 0.1171875 0.555865921875 0.0078125
6 1 0.3697916671875 0.9106145250000001 0.3697916671875 0.9106145250000001 0.5052083328125 1 0.5052083328125 1 0.3697916671875
6 0.21229050312500003 0.6770833328125 0.2402234640625 0.640625 0.24581005625 0.6302083328125 0.2178770953125 0.5859375 0.167597765625 0.5598958328125 0.1368715078125 0.6041666671875 0.13407821250000002 0.625 0.1592178765625 0.6588541671875 0.189944134375 0.6770833328125 0.21229050312500003 0.6770833328125
6 0.8519553078125 0.9010416671874999 0.8966480453125 0.90625 0.9106145250000001 0.8880208328125001 0.9162011171875 0.8541666671874999 0.9162011171875 0.8385416671874999 0.9106145250000001 0.8255208328125001 0.8854748609374999 0.7994791671875 0.8826815640625 0.7942708328125 0.8715083796875 0.7890625 0.8379888265625001 0.7890625 0.8296089390624999 0.7942708328125 0.8184357546875001 0.8072916671874999 0.810055865625 0.8307291671874999 0.810055865625 0.8463541671874999 0.8296089390624999 0.8828125 0.8519553078125 0.9010416671874999
6 0.1396648046875 0.4479166671875 0.008379887499999999 0.4479166671875 0.008379887499999999 0.5364583328125 0.1396648046875 0.5364583328125 0.1396648046875 0.4479166671875
6 0.4944134078125 0.22135416718749998 0.37709497187499996 0.22135416718749998 0.37709497187499996 0.3229166671875 0.4944134078125 0.3229166671875 0.4944134078125 0.22135416718749998
6 0.31843575468749996 0.6953125 0.1703910609375 0.6953125 0.1703910609375 0.7604166671875 0.31843575468749996 0.7604166671875 0.31843575468749996 0.6953125
4 0.3966480453125 0.4244791671875 0.27094972031250003 0.4244791671875 0.27094972031250003 0.515625 0.3966480453125 0.515625 0.3966480453125 0.4244791671875
6 0.167597765625 1 0.167597765625 0.8958333328125001 0.06424580937499999 0.8958333328125001 0.06424580937499999 1 0.167597765625 1
6 0.88826815625 0.2604166671875 0.9162011171875 0.2526041671875 0.9413407828125001 0.23958333281250002 0.9469273749999999 0.22135416718749998 0.9469273749999999 0.1979166671875 0.9413407828125001 0.1822916671875 0.9106145250000001 0.15625 0.8854748609374999 0.1484375 0.8743016765625 0.1666666671875 0.8586592171874999 0.2166666671875 0.8547486031249999 0.22916666718749998 0.8547486031249999 0.25 0.868715084375 0.2604166671875 0.88826815625 0.2604166671875
6 0.12011173125 0.6328125 0.016759776562500002 0.6328125 0.016759776562500002 0.7317708328125 0.12011173125 0.7317708328125 0.12011173125 0.6328125
6 0.5251396640625 0.1276041671875 0.4078212296875 0.1276041671875 0.4078212296875 0.20572916718749998 0.5251396640625 0.20572916718749998 0.5251396640625 0.1276041671875
6 0.11173184375 0.23958333281250002 0.0027932953125 0.23958333281250002 0.0027932953125 0.3229166671875 0.11173184375 0.3229166671875 0.11173184375 0.23958333281250002
6 0.7374301671875 0.5104166671875 0.7541899437499999 0.5078125 0.768156425 0.4973958328125 0.7821229046875 0.4791666671875 0.7821229046875 0.4661458328125 0.7737430171875 0.4427083328125 0.698324021875 0.4140625 0.689944134375 0.421875 0.6843575421875 0.4505208328125 0.6843575421875 0.4713541671875 0.7039106140625 0.5052083328125 0.7374301671875 0.5104166671875
7 0.511173184375 0.53125 0.413407821875 0.53125 0.413407821875 0.6276041671875 0.511173184375 0.6276041671875 0.511173184375 0.53125
6 0.21229050312500003 0.5078125 0.2262569828125 0.4921875 0.23463687187499999 0.4791666671875 0.23463687187499999 0.4557291671875 0.231843575 0.4375 0.2178770953125 0.4270833328125 0.18156424531249998 0.4140625 0.167597765625 0.4244791671875 0.1396648046875 0.453125 0.145251396875 0.46875 0.189944134375 0.5078125 0.21229050312500003 0.5078125
6 0.189944134375 0.1848958328125 0.078212290625 0.1848958328125 0.078212290625 0.2552083328125 0.189944134375 0.2552083328125 0.189944134375 0.1848958328125
7 1 0.4973958328125 0.9106145250000001 0.4973958328125 0.9106145250000001 0.5885416671875 1 0.5885416671875 1 0.4973958328125
6 0.2821229046875 0.90625 0.29888268125 0.90625 0.310055865625 0.8984375 0.31843575468749996 0.8880208328125001 0.324022346875 0.8515625 0.32122905 0.8203125 0.310055865625 0.8151041671874999 0.2932960890625 0.8151041671874999 0.26815642500000003 0.8307291671874999 0.25418994375000004 0.8515625 0.2486033515625 0.875 0.2486033515625 0.8880208328125001 0.256983240625 0.8984375 0.2821229046875 0.90625
6 0.13407821250000002 0.3723958328125 0.0363128484375 0.3723958328125 0.0363128484375 0.4375 0.13407821250000002 0.4375 0.13407821250000002 0.3723958328125
6 0.8715083796875 0.375 0.7960893859375 0.375 0.7960893859375 0.453125 0.8715083796875 0.453125 0.8715083796875 0.375
6 0.43016759843749997 0.4947916671875 0.3491620109375 0.4947916671875 0.3491620109375 0.5598958328125 0.43016759843749997 0.5598958328125 0.43016759843749997 0.4947916671875
6 0.712290503125 0.7760416671875 0.6368715078125 0.7760416671875 0.6368715078125 0.8411458328125001 0.712290503125 0.8411458328125001 0.712290503125 0.7760416671875
7 0.7765363125 0.7786458328125 0.70949720625 0.7786458328125 0.70949720625 0.84375 0.7765363125 0.84375 0.7765363125 0.7786458328125
7 0.7821229046875 0.0859375 0.7402234640625001 0.0859375 0.7402234640625001 0.1432291671875 0.7821229046875 0.1432291671875 0.7821229046875 0.0859375