1 0.06741572968750001 0.6323529406249999 0.075842696875 0.6352941171875 0.0926966296875 0.6352941171875 0.10674157343749999 0.6205882359375 0.10674157343749999 0.5911764703125 0.0926966296875 0.5588235296875 0.07865168593750001 0.53823529375 0.056179775 0.5205882359375 0.0449438203125 0.5147058828125 0.0280898875 0.5147058828125 0 0.5352941171875 0.0028089890625 0.5588235296875 0.008426965625000001 0.5764705875 0.06741572968750001 0.6323529406249999
1 0.0646067421875 0.11176470624999998 0.09550561875 0.11176470624999998 0.0926966296875 0.032352940625 0.075842696875 0.01176470625 0.0514981265625 0.03137255 0.0393258421875 0.041176470312500005 0.0393258421875 0.07647058749999999 0.04213483125 0.1 0.0646067421875 0.11176470624999998
1 0.29213483125 0.2029411765625 0.3005617984375 0.2088235296875 0.3146067421875 0.21176470625000002 0.3174157296875 0.2088235296875 0.30617977500000004 0.15 0.29213483125 0.1264705875 0.2865168546875 0.1235294125 0.2668539328125 0.12058823593750001 0.2528089890625 0.13823529375000002 0.2528089890625 0.15 0.272471909375 0.18235294062500002 0.29213483125 0.2029411765625
2 0.34831460625 0.4764705875 0.3595505625 0.4647058828125 0.36235955 0.455882353125 0.3567415734375 0.4352941171875 0.34831460625 0.4205882359375 0.3286516859375 0.405882353125 0.30898876406250003 0.405882353125 0.2949438203125 0.4205882359375 0.29213483125 0.455882353125 0.3146067421875 0.4764705875 0.3426966296875 0.4794117640625 0.34831460625 0.4764705875
2 0.7471910109375 0.09117647031250001 0.7668539328125 0.05 0.7668539328125 0.032352940625 0.7612359546875 0.020588235937499998 0.73595505625 0.005882353125 0.7247191015625 0.0029411765625 0.7078651687499999 0.0088235296875 0.693820225 0.017647059375 0.67977528125 0.032352940625 0.6769662921874999 0.041176470312500005 0.6994382015625 0.0970588234375 0.727528090625 0.1 0.7471910109375 0.09117647031250001
1 0.59831460625 0.332352940625 0.62359550625 0.3411764703125 0.6432584265625 0.3411764703125 0.6657303375 0.31176470625 0.6685393265624999 0.3 0.6657303375 0.282352940625 0.6488764046875 0.2588235296875 0.6207865171875 0.2529411765625 0.6011235953125 0.2529411765625 0.57022471875 0.27647058750000003 0.57022471875 0.305882353125 0.5926966296875 0.3294117640625 0.59831460625 0.332352940625
1 0.3005617984375 0.7176470593750001 0.10955056249999999 0.7176470593750001 0.10955056249999999 0.982352940625 0.3005617984375 0.982352940625 0.3005617984375 0.7176470593750001
1 0.522471909375 0.755882353125 0.42977528125 0.755882353125 0.42977528125 0.9705882359375 0.522471909375 0.9705882359375 0.522471909375 0.755882353125
1 0.27528089843750003 0.417647059375 0.1348314609375 0.417647059375 0.1348314609375 0.5735294125 0.27528089843750003 0.5735294125 0.27528089843750003 0.417647059375
1 0.8651685390624999 1 0.8651685390624999 0.855882353125 0.7331460671875 0.855882353125 0.7331460671875 1 0.8651685390624999 1
1 0.2612359546875 0.6205882359375 0.1207865171875 0.6205882359375 0.1207865171875 0.7617647062499999 0.2612359546875 0.7617647062499999 0.2612359546875 0.6205882359375
1 0.87359550625 0.55 0.6910112359375 0.55 0.6910112359375 0.6088235296875 0.87359550625 0.6088235296875 0.87359550625 0.55
1 0.4887640453125 0.61176470625 0.4185393265625 0.61176470625 0.4185393265625 0.7764705875 0.4887640453125 0.7764705875 0.4887640453125 0.61176470625
1 0.216292134375 0.08235294062500001 0.12359550625 0.08235294062500001 0.12359550625 0.22941176406250002 0.216292134375 0.22941176406250002 0.216292134375 0.08235294062500001
1 0.6657303375 0.4352941171875 0.5674157296875 0.4352941171875 0.5674157296875 0.5764705875 0.6657303375 0.5764705875 0.6657303375 0.4352941171875
1 0.7191011234375 0.8735294124999999 0.5926966296875 0.8735294124999999 0.5926966296875 0.9852941171875 0.7191011234375 0.9852941171875 0.7191011234375 0.8735294124999999
1 0.32022471874999997 0.6705882359374999 0.25 0.6705882359374999 0.25 0.8264705875 0.32022471874999997 0.8264705875 0.32022471874999997 0.6705882359374999
1 0.755617978125 0.45 0.6657303375 0.45 0.6657303375 0.5764705875 0.755617978125 0.5764705875 0.755617978125 0.45
1 1 0.4205882359375 0.8876404499999999 0.4205882359375 0.8876404499999999 0.5323529406249999 1 0.5323529406249999 1 0.4205882359375
1 0.5730337078125001 0.7617647062499999 0.5028089890625 0.7617647062499999 0.5028089890625 0.9 0.5730337078125001 0.9 0.5730337078125001 0.7617647062499999
1 0.41292134843749995 0.282352940625 0.3005617984375 0.282352940625 0.3005617984375 0.3852941171875 0.41292134843749995 0.3852941171875 0.41292134843749995 0.282352940625
1 0.5280898875 0.27647058750000003 0.438202246875 0.27647058750000003 0.438202246875 0.40294117656250006 0.5280898875 0.40294117656250006 0.5280898875 0.27647058750000003
1 0.5308988765625 0.39117647031249997 0.4269662921875 0.39117647031249997 0.4269662921875 0.5029411765625 0.5308988765625 0.5029411765625 0.5308988765625 0.39117647031249997
1 0.51404494375 0.5029411765625 0.42977528125 0.5029411765625 0.42977528125 0.6205882359375 0.51404494375 0.6205882359375 0.51404494375 0.5029411765625
1 0.25 0.35882352968750003 0.13764045 0.35882352968750003 0.13764045 0.4470588234375 0.25 0.4470588234375 0.25 0.35882352968750003
1 0.5505617984375 0.08529411718749999 0.44382022499999996 0.08529411718749999 0.44382022499999996 0.1735294125 0.5505617984375 0.1735294125 0.5505617984375 0.08529411718749999
1 0.103932584375 0.3735294125 0.011235954687499999 0.3735294125 0.011235954687499999 0.4764705875 0.103932584375 0.4764705875 0.103932584375 0.3735294125
1 0.9297752812500001 1 0.9297752812500001 0.8794117640625 0.8651685390624999 0.8794117640625 0.8651685390624999 1 0.9297752812500001 1
1 0.7780898875 0.1264705875 0.693820225 0.1264705875 0.693820225 0.22352941249999997 0.7780898875 0.22352941249999997 0.7780898875 0.1264705875
1 0.27528089843750003 0.22647058750000001 0.16853932656249998 0.22647058750000001 0.16853932656249998 0.2911764703125 0.27528089843750003 0.2911764703125 0.27528089843750003 0.22647058750000001
1 0.6629213484375 0.1147058828125 0.6067415734375 0.1147058828125 0.6067415734375 0.217647059375 0.6629213484375 0.217647059375 0.6629213484375 0.1147058828125
1 0.1348314609375 0.282352940625 0.056179775 0.282352940625 0.056179775 0.36176470625 0.1348314609375 0.36176470625 0.1348314609375 0.282352940625
1 0.216292134375 0.2852941171875 0.146067415625 0.2852941171875 0.146067415625 0.3735294125 0.216292134375 0.3735294125 0.216292134375 0.2852941171875
1 0.8595505625 0.4705882359375 0.7808988765625 0.4705882359375 0.7808988765625 0.544117646875 0.8595505625 0.544117646875 0.8595505625 0.4705882359375
1 0.3707865171875 0.3294117640625 0.2780898875 0.3294117640625 0.2780898875 0.367647059375 0.3707865171875 0.367647059375 0.3707865171875 0.3294117640625
1 0.7219101125 0.35882352968750003 0.6573033703125 0.35882352968750003 0.6573033703125 0.40294117656250006 0.7219101125 0.40294117656250006 0.7219101125 0.35882352968750003
1 0.8792134828125 0.30294117656249997 0.8314606734375 0.30294117656249997 0.8314606734375 0.36176470625 0.8792134828125 0.36176470625 0.8792134828125 0.30294117656249997
2 0.4466292140625 0.18823529375 0.36235955 0.18823529375 0.36235955 0.24705882343750002 0.4466292140625 0.24705882343750002 0.4466292140625 0.18823529375
2 0.5814606734375001 0.08529411718749999 0.5168539328125 0.08529411718749999 0.5168539328125 0.1588235296875 0.5814606734375001 0.1588235296875 0.5814606734375001 0.08529411718749999