6 0.0645161296875 0.55064935 0.09677419375 0.5792207796875 0.11143695 0.5896103890625 0.12316715468749999 0.5948051953125 0.1495601171875 0.602597403125 0.1847507328125 0.602597403125 0.1935483875 0.6 0.2258064515625 0.5636363640625001 0.24340175937500003 0.5324675328125 0.2404692078125 0.503896103125 0.2258064515625 0.4883116890625 0.21407624687500001 0.4831168828125 0.1348973609375 0.46753246718749997 0.10557184687500001 0.46493506562500003 0.0879765390625 0.46493506562500003 0.0645161296875 0.47012987031250003 0.0586510265625 0.475324675 0.05278592343750001 0.4831168828125 0.05278592343750001 0.49610389687499995 0.0586510265625 0.5376623375 0.0645161296875 0.55064935
6 0.8299120234374999 1 0.8299120234374999 0.828571428125 0.686217009375 0.828571428125 0.686217009375 1 0.8299120234374999 1
6 0.167155425 0.1376623375 0.0029325515625 0.1376623375 0.0029325515625 0.28831168906250004 0.167155425 0.28831168906250004 0.167155425 0.1376623375
6 0.8621700875 0.524675325 0.8856304984375001 0.51948051875 0.9325513203125 0.4883116890625 0.950146628125 0.446753246875 0.950146628125 0.4259740265625 0.9413489734375 0.41038961093750004 0.9266862171874999 0.397402596875 0.90322580625 0.38181818125 0.87390029375 0.3766233765625 0.8475073312499999 0.38181818125 0.8093841640624999 0.41818181875000004 0.8005865109375 0.43636363593749994 0.8005865109375 0.446753246875 0.8152492671875 0.524675325 0.8621700875 0.524675325
6 0.8973607031249999 0.6753246749999999 0.9266862171874999 0.6831168828124999 0.9530791781250001 0.6831168828124999 0.9824046921875 0.6701298703125 0.9970674484375 0.6571428578125 1 0.5896103890625 0.9853372437499999 0.566233765625 0.95894428125 0.5454545453125 0.9442815250000001 0.5376623375 0.9090909093749999 0.5376623375 0.8797653953125 0.5584415578125 0.8592375359375 0.58181818125 0.8504398828124999 0.6051948046875 0.8651026390625001 0.646753246875 0.8797653953125 0.6623376624999999 0.8973607031249999 0.6753246749999999
6 0.797653959375 0.3428571421875 0.674486803125 0.3428571421875 0.674486803125 0.49610389687499995 0.797653959375 0.49610389687499995 0.797653959375 0.3428571421875
6 0.2492668625 0.3116883109375 0.10557184687500001 0.3116883109375 0.10557184687500001 0.446753246875 0.2492668625 0.446753246875 0.2492668625 0.3116883109375
6 0.6686217015625 0.6727272734375 0.5161290328125 0.6727272734375 0.5161290328125 0.8 0.6686217015625 0.8 0.6686217015625 0.6727272734375
6 0.6275659828125 0.8 0.49266862187499993 0.8 0.49266862187499993 0.9142857140625 0.6275659828125 0.9142857140625 0.6275659828125 0.8
6 0.9354838703125001 0.21818181874999998 0.797653959375 0.21818181874999998 0.797653959375 0.33506493437499996 0.9354838703125001 0.33506493437499996 0.9354838703125001 0.21818181874999998
7 0.29618768281249996 0.7272727265625 0.3079178890625 0.7298701296875 0.3431085046875 0.7298701296875 0.3519061578125 0.7272727265625 0.369501465625 0.659740259375 0.366568915625 0.646753246875 0.3519061578125 0.6233766234375 0.325513196875 0.6077922078125 0.310850440625 0.6051948046875 0.2756598234375 0.61818181875 0.2551319640625 0.6519480515625 0.2492668625 0.664935065625 0.2492668625 0.6753246749999999 0.27272727343750003 0.7168831171875001 0.29618768281249996 0.7272727265625
6 0.95894428125 0.04415584375 0.8885630499999999 0.04415584375 0.8885630499999999 0.1896103890625 0.95894428125 0.1896103890625 0.95894428125 0.04415584375
6 0.9325513203125 0.6623376624999999 0.8005865109375 0.6623376624999999 0.8005865109375 0.771428571875 0.9325513203125 0.771428571875 0.9325513203125 0.6623376624999999
6 0.797653959375 0 0.797653959375 0.1272727265625 0.8973607031249999 0.1272727265625 0.8973607031249999 0 0.797653959375 0
1 0.548387096875 0.140259740625 0.390029325 0.140259740625 0.390029325 0.20259740312500002 0.548387096875 0.20259740312500002 0.548387096875 0.140259740625
4 0.42228739062500004 0.4831168828125 0.4604105578125 0.49090909062500004 0.47800586562499997 0.4831168828125 0.4838709671875 0.475324675 0.4838709671875 0.41038961093750004 0.47800586562499997 0.39480519531249997 0.4692082109375 0.3922077921875 0.42815249218749996 0.3896103890625 0.40469208281249996 0.39480519531249997 0.38709677343750004 0.4 0.37536656874999996 0.41038961093750004 0.369501465625 0.42337662343750004 0.366568915625 0.43636363593749994 0.37536656874999996 0.45454545468749996 0.395894428125 0.47012987031250003 0.42228739062500004 0.4831168828125
6 0.7507331374999999 0.677922078125 0.7771261 0.677922078125 0.8005865109375 0.6623376624999999 0.8093841640624999 0.633766234375 0.8064516125000001 0.6 0.79178885625 0.5740259734375 0.7712609968749999 0.5636363640625001 0.7536656890625 0.5636363640625001 0.721407625 0.5896103890625 0.70674486875 0.6077922078125 0.70674486875 0.6415584421875 0.721407625 0.659740259375 0.7507331374999999 0.677922078125
1 0.2228739 0.16883116874999998 0.228739003125 0.1792207796875 0.2551319640625 0.1870129875 0.26392961875 0.18181818125 0.269794721875 0.1610389609375 0.258064515625 0.103896103125 0.2404692078125 0.0623376625 0.2258064515625 0.05974025937500001 0.217008796875 0.0701298703125 0.21114369531250002 0.0857142859375 0.21114369531250002 0.0987012984375 0.21407624687500001 0.1272727265625 0.2228739 0.16883116874999998
1 0.7126099703125 0.018181818750000002 0.6392961875000001 0.018181818750000002 0.6392961875000001 0.11948051875000001 0.7126099703125 0.11948051875000001 0.7126099703125 0.018181818750000002
1 0.40762463281250005 0.1324675328125 0.44868035156249997 0.1324675328125 0.451612903125 0.124675325 0.451612903125 0.11428571406250002 0.44868035156249997 0.10649350625000001 0.40469208281249996 0.0701298703125 0.3724340171875 0.0623376625 0.354838709375 0.0623376625 0.3431085046875 0.075324675 0.3431085046875 0.077922078125 0.3607038125 0.10129870156250001 0.40762463281250005 0.1324675328125
7 0.609970675 0.24935065 0.5542522 0.24935065 0.5542522 0.3298701296875 0.609970675 0.3298701296875 0.609970675 0.24935065