7 0.235465115625 0.42737430156249995 0.183139534375 0.42737430156249995 0.183139534375 0.48324022343750006 0.235465115625 0.48324022343750006 0.235465115625 0.42737430156249995
7 0.34883720937499996 0.5949720671875001 0.296511628125 0.5949720671875001 0.296511628125 0.645251396875 0.34883720937499996 0.645251396875 0.34883720937499996 0.5949720671875001
2 0.630813953125 0.6173184359375 0.566860465625 0.6173184359375 0.566860465625 0.67877095 0.630813953125 0.67877095 0.630813953125 0.6173184359375
7 0.151162790625 0.19273742968750002 0.11046511562500001 0.19273742968750002 0.11046511562500001 0.2374301671875 0.151162790625 0.2374301671875 0.151162790625 0.19273742968750002
3 0.27616279062500004 0.6396648046875 0.16860465156249999 0.6396648046875 0.16860465156249999 0.8128491625 0.27616279062500004 0.8128491625 0.27616279062500004 0.6396648046875
1 0.4360465109375 0.8351955312499999 0.2412790703125 0.8351955312499999 0.2412790703125 0.9050279328125 0.4360465109375 0.9050279328125 0.4360465109375 0.8351955312499999
1 0.3982558140625 0 0.3982558140625 0.1731843578125 0.485465115625 0.1731843578125 0.485465115625 0 0.3982558140625 0
8 0.7151162796875 0.310055865625 0.7412790703125001 0.310055865625 0.776162790625 0.2513966484375 0.776162790625 0.23463687187499999 0.7529069765624999 0.16480446875000002 0.7412790703125001 0.15642458125 0.7325581390625 0.16480446875000002 0.709302325 0.19273742968750002 0.6860465109375 0.23463687187499999 0.6802325578125 0.2597765359375 0.6802325578125 0.2932960890625 0.7005813953125 0.3072625703125 0.7151162796875 0.310055865625
3 0.5959302328125 0.7541899437499999 0.47383720937499996 0.7541899437499999 0.47383720937499996 0.877094971875 0.5959302328125 0.877094971875 0.5959302328125 0.7541899437499999
1 0.526162790625 0.6424581 0.540697675 0.6256983234375 0.540697675 0.5810055859375 0.514534884375 0.5251396640625 0.49709302343750006 0.5251396640625 0.45348837187499996 0.5586592171875 0.44186046562500003 0.5754189937499999 0.44186046562500003 0.61173184375 0.48837209374999996 0.6340782125 0.526162790625 0.6424581
1 0.415697675 0.7849162015625 0.4447674421875 0.8044692734375 0.46220930156250006 0.8128491625 0.4709302328125 0.7932960890625 0.4709302328125 0.7402234640625001 0.46802325624999996 0.7067039109375 0.46220930156250006 0.7011173187499999 0.4563953484375 0.689944134375 0.4447674421875 0.6871508375000001 0.4098837203125 0.6871508375000001 0.40116279062500004 0.689944134375 0.3924418609375 0.7011173187499999 0.3924418609375 0.734636871875 0.40697674375000004 0.768156425 0.415697675 0.7849162015625
1 0.889534884375 0.20111731875 0.8313953484375001 0.20111731875 0.8313953484375001 0.33519553125 0.889534884375 0.33519553125 0.889534884375 0.20111731875
1 0.6773255812500001 1 0.6860465109375 0.9776536312499999 0.6802325578125 0.87988826875 0.671511628125 0.877094971875 0.6540697671875 0.877094971875 0.639534884375 0.9022346375 0.63662790625 0.921787709375 0.6337209296874999 0.9776536312499999 0.6482558140625 1 0.6773255812500001 1
1 0.1860465109375 0.45251396718750003 0.084302325 0.45251396718750003 0.084302325 0.533519553125 0.1860465109375 0.533519553125 0.1860465109375 0.45251396718750003
2 0.2151162796875 0.6005586593750001 0.2296511625 0.6033519546874999 0.2470930234375 0.6033519546874999 0.2790697671875 0.5949720671875001 0.2790697671875 0.5754189937499999 0.27616279062500004 0.5586592171875 0.2412790703125 0.5139664796875001 0.22674418593749998 0.511173184375 0.20058139531250002 0.519553071875 0.191860465625 0.53072625625 0.191860465625 0.5474860328125 0.2063953484375 0.5949720671875001 0.2151162796875 0.6005586593750001
1 0.63662790625 0.480446928125 0.5203488375 0.480446928125 0.5203488375 0.533519553125 0.63662790625 0.533519553125 0.63662790625 0.480446928125
1 0.1424418609375 0.2597765359375 0.0494186046875 0.2597765359375 0.0494186046875 0.34357541875000003 0.1424418609375 0.34357541875000003 0.1424418609375 0.2597765359375
1 0.183139534375 0.5949720671875001 0.130813953125 0.5949720671875001 0.130813953125 0.7039106140625 0.183139534375 0.7039106140625 0.183139534375 0.5949720671875001
1 0.7325581390625 0.45530726250000003 0.625 0.45530726250000003 0.625 0.511173184375 0.7325581390625 0.511173184375 0.7325581390625 0.45530726250000003
1 0.46802325624999996 0.3659217875 0.360465115625 0.3659217875 0.360465115625 0.42178770937500004 0.46802325624999996 0.42178770937500004 0.46802325624999996 0.3659217875
2 0.48255813906249995 0.2513966484375 0.49709302343750006 0.2597765359375 0.526162790625 0.265363128125 0.53197674375 0.2597765359375 0.540697675 0.24301675937499997 0.546511628125 0.20949720625 0.514534884375 0.1731843578125 0.4767441859375 0.19273742968750002 0.47383720937499996 0.19553072656249998 0.47383720937499996 0.2234636875 0.4767441859375 0.2402234640625 0.48255813906249995 0.2513966484375
2 0.07848837187499999 0.9581005593749999 0.09302325624999999 0.9497206703125001 0.10174418593750001 0.9301675984375001 0.098837209375 0.9189944140625 0.055232557812500006 0.8938547484375 0.0377906984375 0.88826815625 0.0203488375 0.88826815625 0.01162790625 0.9050279328125 0.0348837203125 0.9469273749999999 0.046511628124999996 0.9581005593749999 0.07848837187499999 0.9581005593749999
1 0.2587209296875 0.3575419 0.15697674374999998 0.3575419 0.15697674374999998 0.4078212296875 0.2587209296875 0.4078212296875 0.2587209296875 0.3575419
2 0.5494186046875 0.2067039109375 0.5813953484375001 0.1703910609375 0.5872093015625001 0.153631284375 0.5813953484375001 0.1396648046875 0.5726744187499999 0.1284916203125 0.5610465109375 0.122905028125 0.5436046515624999 0.122905028125 0.5348837203125 0.1284916203125 0.514534884375 0.153631284375 0.5174418609375 0.17877095 0.526162790625 0.1843575421875 0.5494186046875 0.2067039109375
2 0.8720930234375001 0.21229050312500003 0.8924418609375 0.21229050312500003 0.9127906984375 0.198324021875 0.9360465109374999 0.167597765625 0.9360465109374999 0.1480446921875 0.933139534375 0.1424581 0.9069767437499999 0.1368715078125 0.889534884375 0.1368715078125 0.8808139531249999 0.1396648046875 0.860465115625 0.1620111734375 0.8575581390625 0.17877095 0.860465115625 0.198324021875 0.8662790703125 0.20949720625 0.8720930234375001 0.21229050312500003
2 0.5348837203125 0.444134078125 0.546511628125 0.43016759843749997 0.5436046515624999 0.410614525 0.5290697671875 0.39944134062500003 0.5029069765624999 0.3966480453125 0.47383720937499996 0.4022346375 0.46802325624999996 0.4078212296875 0.45348837187499996 0.42458100625000006 0.46220930156250006 0.444134078125 0.4912790703125 0.45530726250000003 0.5348837203125 0.444134078125
2 0.16569767500000002 0.877094971875 0.171511628125 0.8743016765625 0.1889534890625 0.8575419 0.1889534890625 0.8407821234374999 0.16569767500000002 0.8044692734375 0.151162790625 0.7932960890625 0.13662790625000001 0.79050279375 0.130813953125 0.7932960890625 0.1279069765625 0.8044692734375 0.125 0.832402234375 0.1279069765625 0.8547486031249999 0.13662790625000001 0.8743016765625 0.16569767500000002 0.877094971875
2 0.6627906984374999 0.8547486031249999 0.6686046515624999 0.8296089390624999 0.6686046515624999 0.8128491625 0.6540697671875 0.787709496875 0.6424418609375 0.7765363125 0.63662790625 0.7737430171875 0.619186046875 0.7737430171875 0.5959302328125 0.8044692734375 0.5959302328125 0.8128491625 0.6337209296874999 0.8547486031249999 0.6627906984374999 0.8547486031249999
2 0.933139534375 0.8296089390624999 0.9476744187499999 0.8184357546875001 0.9476744187499999 0.801675978125 0.941860465625 0.787709496875 0.933139534375 0.7793296093750001 0.901162790625 0.7625698328125 0.8808139531249999 0.7737430171875 0.8720930234375001 0.787709496875 0.8662790703125 0.8156424578125 0.8662790703125 0.8268156421875 0.8953488374999999 0.8351955312499999 0.933139534375 0.8296089390624999
2 0.9186046515624999 0.61173184375 0.9389534890625001 0.6005586593750001 0.941860465625 0.5977653625 0.9505813953125 0.5754189937499999 0.9505813953125 0.553072625 0.9273255812500001 0.53072625625 0.9186046515624999 0.5279329609375 0.9098837203125001 0.53072625625 0.889534884375 0.5474860328125 0.88662790625 0.56703910625 0.88662790625 0.5837988828125 0.889534884375 0.5977653625 0.9186046515624999 0.61173184375
2 0.9796511625000001 0.4748603359375 0.985465115625 0.446927375 0.985465115625 0.43016759843749997 0.9796511625000001 0.4162011171875 0.9680232562500001 0.4022346375 0.9505813953125 0.4022346375 0.9244186046875 0.4162011171875 0.921511628125 0.4385474859375 0.9244186046875 0.4748603359375 0.9360465109374999 0.48603352031249997 0.9796511625000001 0.4748603359375
2 0.639534884375 0.413407821875 0.6540697671875 0.4022346375 0.6540697671875 0.368715084375 0.6482558140625 0.3575419 0.625 0.34357541875000003 0.6075581390625 0.34357541875000003 0.59302325625 0.3519553078125 0.5813953484375001 0.368715084375 0.5755813953125 0.38826815625 0.5813953484375001 0.39944134062500003 0.6046511625 0.410614525 0.639534884375 0.413407821875
2 0.24418604687499998 0.2402234640625 0.16569767500000002 0.2402234640625 0.16569767500000002 0.310055865625 0.24418604687499998 0.310055865625 0.24418604687499998 0.2402234640625
2 0.3110465109375 0.24301675937499997 0.3255813953125 0.2374301671875 0.3517441859375 0.20111731875 0.3517441859375 0.1843575421875 0.33139534843749996 0.167597765625 0.3110465109375 0.167597765625 0.30232558125 0.1731843578125 0.290697675 0.19273742968750002 0.28197674375 0.20949720625 0.28197674375 0.2234636875 0.290697675 0.2374301671875 0.3110465109375 0.24301675937499997
2 0.040697675 0.19273742968750002 0.06395348906250001 0.19273742968750002 0.0697674421875 0.1703910609375 0.0697674421875 0.1480446921875 0.0610465109375 0.13407821250000002 0.01162790625 0.12011173125 0.005813953125 0.122905028125 0.0029069765625 0.1284916203125 0 0.1480446921875 0.0087209296875 0.17877095 0.0203488375 0.1871508375 0.040697675 0.19273742968750002
2 0.308139534375 0.33519553125 0.3255813953125 0.32681564218750003 0.3255813953125 0.301675978125 0.316860465625 0.279329609375 0.30232558125 0.26815642500000003 0.290697675 0.265363128125 0.2732558140625 0.265363128125 0.255813953125 0.2849162015625 0.25 0.2960893859375 0.2732558140625 0.32681564218750003 0.290697675 0.33519553125 0.308139534375 0.33519553125
2 0.8575581390625 0.4972067046875 0.8779069765624999 0.4972067046875 0.901162790625 0.480446928125 0.9040697671875 0.4608938546875 0.901162790625 0.45530726250000003 0.889534884375 0.4413407828125 0.8662790703125 0.42737430156249995 0.848837209375 0.42737430156249995 0.834302325 0.4413407828125 0.828488371875 0.45530726250000003 0.828488371875 0.480446928125 0.8459302328125 0.4944134078125 0.8575581390625 0.4972067046875
2 0.651162790625 0.310055865625 0.6627906984374999 0.2932960890625 0.65697674375 0.265363128125 0.6424418609375 0.2402234640625 0.6337209296874999 0.23463687187499999 0.6162790703125001 0.23463687187499999 0.6075581390625 0.2402234640625 0.5959302328125 0.25418994375000004 0.5959302328125 0.279329609375 0.630813953125 0.3072625703125 0.651162790625 0.310055865625
2 0.7412790703125001 0.980446928125 0.7674418609375 0.9608938546875001 0.7703488375 0.9357541906250001 0.7674418609375 0.921787709375 0.7587209296874999 0.9078212296875 0.7529069765624999 0.9050279328125 0.7209302328125 0.9162011171875 0.7122093015625001 0.921787709375 0.709302325 0.9301675984375001 0.7063953484375001 0.9525139671874999 0.7151162796875 0.9776536312499999 0.723837209375 0.980446928125 0.7412790703125001 0.980446928125
1 0.7063953484375001 0.310055865625 0.639534884375 0.310055865625 0.639534884375 0.3854748609375 0.7063953484375001 0.3854748609375 0.7063953484375001 0.310055865625
2 0.9360465109374999 0.26815642500000003 0.953488371875 0.2597765359375 0.9680232562500001 0.24301675937499997 0.9680232562500001 0.22905027968749997 0.9651162796874999 0.220670390625 0.9476744187499999 0.20111731875 0.9273255812500001 0.20111731875 0.9069767437499999 0.21508379843749997 0.8953488374999999 0.22905027968749997 0.8924418609375 0.2374301671875 0.9040697671875 0.256983240625 0.921511628125 0.265363128125 0.9360465109374999 0.26815642500000003
2 0.1540697671875 0.1620111734375 0.16569767500000002 0.1424581 0.171511628125 0.12011173125 0.1598837203125 0.10614525156250001 0.130813953125 0.0921787703125 0.11337209374999999 0.0921787703125 0.098837209375 0.11173184375 0.10174418593750001 0.1396648046875 0.125 0.1620111734375 0.1540697671875 0.1620111734375
7 0.7267441859375 0.6843575421875 0.6773255812500001 0.6843575421875 0.6773255812500001 0.768156425 0.7267441859375 0.768156425 0.7267441859375 0.6843575421875
2 0.40697674375000004 0.5754189937499999 0.40697674375000004 0.5474860328125 0.380813953125 0.533519553125 0.36337209375 0.533519553125 0.3459302328125 0.555865921875 0.3401162796875 0.5837988828125 0.369186046875 0.6061452515625 0.3924418609375 0.6061452515625 0.40697674375000004 0.5754189937499999
2 0.2296511625 0.21508379843749997 0.255813953125 0.21508379843749997 0.27616279062500004 0.1843575421875 0.27616279062500004 0.167597765625 0.264534884375 0.15642458125 0.2412790703125 0.1508379890625 0.2325581390625 0.153631284375 0.2122093015625 0.1731843578125 0.20348837187500002 0.1843575421875 0.2122093015625 0.20949720625 0.2151162796875 0.21229050312500003 0.2296511625 0.21508379843749997
2 0.3720930234375 0.2821229046875 0.3837209296875 0.279329609375 0.3953488375 0.27094972031250003 0.40116279062500004 0.256983240625 0.40116279062500004 0.2402234640625 0.3779069765625 0.21508379843749997 0.360465115625 0.21508379843749997 0.3401162796875 0.23463687187499999 0.33139534843749996 0.256983240625 0.3372093015625 0.26815642500000003 0.34883720937499996 0.279329609375 0.3720930234375 0.2821229046875
2 0.3197674421875 0.5586592171875 0.3372093015625 0.5586592171875 0.360465115625 0.533519553125 0.3546511625 0.5139664796875001 0.34883720937499996 0.5027932953125 0.3401162796875 0.4972067046875 0.3052325578125 0.4944134078125 0.29360465156250004 0.5027932953125 0.2877906984375 0.533519553125 0.29360465156250004 0.5446927374999999 0.3052325578125 0.553072625 0.3197674421875 0.5586592171875
2 0.953488371875 0.39944134062500003 0.9680232562500001 0.38826815625 0.9680232562500001 0.36033519531249997 0.9651162796874999 0.346368715625 0.953488371875 0.34078212343750003 0.9244186046875 0.3379888265625 0.9069767437499999 0.3743016765625 0.9069767437499999 0.3826815640625 0.9244186046875 0.410614525 0.953488371875 0.39944134062500003
2 0.901162790625 0.7486033515625 0.9127906984375 0.7597765359374999 0.9360465109374999 0.7486033515625 0.9476744187499999 0.734636871875 0.9476744187499999 0.7178770953125 0.9389534890625001 0.7067039109375 0.921511628125 0.689944134375 0.9069767437499999 0.6871508375000001 0.8924418609375 0.698324021875 0.88662790625 0.7067039109375 0.88662790625 0.731843575 0.8953488374999999 0.7458100562500001 0.901162790625 0.7486033515625
2 0.7674418609375 0.8351955312499999 0.7703488375 0.801675978125 0.7703488375 0.7932960890625 0.7587209296874999 0.7765363125 0.7529069765624999 0.7709497203125 0.7151162796875 0.7932960890625 0.709302325 0.8156424578125 0.7209302328125 0.832402234375 0.7587209296874999 0.8435754187500001 0.7674418609375 0.8351955312499999
2 0.6482558140625 0.6340782125 0.665697675 0.6284916203125 0.6773255812500001 0.6173184359375 0.683139534375 0.5949720671875001 0.6773255812500001 0.5837988828125 0.665697675 0.5698324015625 0.651162790625 0.56703910625 0.630813953125 0.5754189937499999 0.6220930234375001 0.5837988828125 0.619186046875 0.6005586593750001 0.6220930234375001 0.6173184359375 0.630813953125 0.6284916203125 0.6482558140625 0.6340782125
2 1 0.4944134078125 0.9970930234375001 0.48882681562499997 0.9796511625000001 0.480446928125 0.941860465625 0.480446928125 0.9389534890625001 0.5083798875000001 0.941860465625 0.533519553125 0.953488371875 0.5446927374999999 0.9825581390625 0.5474860328125 0.9912790703125 0.5446927374999999 1 0.5321229046875 1 0.4944134078125
2 0.848837209375 0.36033519531249997 0.7848837203125 0.36033519531249997 0.7848837203125 0.43016759843749997 0.848837209375 0.43016759843749997 0.848837209375 0.36033519531249997
2 0.834302325 0.667597765625 0.7703488375 0.667597765625 0.7703488375 0.734636871875 0.834302325 0.734636871875 0.834302325 0.667597765625
2 0.0755813953125 0.8743016765625 0.0901162796875 0.8631284921875 0.09302325624999999 0.8407821234374999 0.0901162796875 0.8296089390624999 0.0755813953125 0.8072625703125 0.066860465625 0.8044692734375 0.0494186046875 0.8044692734375 0.0348837203125 0.8296089390624999 0.031976743749999995 0.8351955312499999 0.0377906984375 0.8491620109375001 0.055232557812500006 0.8715083796875 0.0755813953125 0.8743016765625
2 0.084302325 0.0977653625 0.084302325 0.06983240156250001 0.07848837187499999 0.053072625 0.0610465109375 0.0474860328125 0.0494186046875 0.0502793296875 0.026162790624999998 0.0614525140625 0.023255814062499998 0.06703910625000001 0.0203488375 0.086592178125 0.046511628124999996 0.11173184375 0.066860465625 0.11173184375 0.084302325 0.0977653625
2 0.8023255812500001 0.93296089375 0.8226744187499999 0.9273743015625 0.8430232562500001 0.913407821875 0.8430232562500001 0.891061453125 0.828488371875 0.8715083796875 0.790697675 0.8715083796875 0.78197674375 0.877094971875 0.7732558140625 0.9189944140625 0.776162790625 0.921787709375 0.790697675 0.9301675984375001 0.8023255812500001 0.93296089375
2 0.7674418609375 0.6480446921875 0.78197674375 0.6396648046875 0.7848837203125 0.631284915625 0.7848837203125 0.6061452515625 0.776162790625 0.6005586593750001 0.755813953125 0.5949720671875001 0.73837209375 0.5949720671875001 0.7267441859375 0.5977653625 0.7122093015625001 0.6061452515625 0.7122093015625001 0.6284916203125 0.7267441859375 0.6396648046875 0.7674418609375 0.6480446921875
1 0.125 0.7178770953125 0.066860465625 0.7178770953125 0.066860465625 0.787709496875 0.125 0.787709496875 0.125 0.7178770953125
2 0.33139534843749996 0.07541899375 0.2587209296875 0.07541899375 0.2587209296875 0.1284916203125 0.33139534843749996 0.1284916203125 0.33139534843749996 0.07541899375
2 0.9186046515624999 0.913407821875 0.9360465109374999 0.8715083796875 0.9360465109374999 0.8491620109375001 0.9186046515624999 0.8491620109375001 0.8779069765624999 0.8631284921875 0.8720930234375001 0.87988826875 0.8720930234375001 0.9022346375 0.901162790625 0.913407821875 0.9186046515624999 0.913407821875
2 0.921511628125 0.2960893859375 0.8575581390625 0.2960893859375 0.8575581390625 0.3575419 0.921511628125 0.3575419 0.921511628125 0.2960893859375
2 0.360465115625 0.801675978125 0.3779069765625 0.768156425 0.369186046875 0.7458100562500001 0.36337209375 0.7402234640625001 0.34883720937499996 0.734636871875 0.33139534843749996 0.734636871875 0.3255813953125 0.7402234640625001 0.3197674421875 0.7597765359374999 0.3197674421875 0.7765363125 0.3255813953125 0.79050279375 0.360465115625 0.801675978125
2 0.8662790703125 0.8156424578125 0.796511628125 0.8156424578125 0.796511628125 0.8631284921875 0.8662790703125 0.8631284921875 0.8662790703125 0.8156424578125
2 0.8720930234375001 0.5083798875000001 0.8139534890625001 0.5083798875000001 0.8139534890625001 0.5698324015625 0.8720930234375001 0.5698324015625 0.8720930234375001 0.5083798875000001
7 0.41279069843749994 0.444134078125 0.34883720937499996 0.444134078125 0.34883720937499996 0.5 0.41279069843749994 0.5 0.41279069843749994 0.444134078125
7 0.459302325 0.480446928125 0.3953488375 0.480446928125 0.3953488375 0.533519553125 0.459302325 0.533519553125 0.459302325 0.480446928125
2 0.78197674375 0.4944134078125 0.7296511625 0.4944134078125 0.7296511625 0.555865921875 0.78197674375 0.555865921875 0.78197674375 0.4944134078125
2 0.9912790703125 0.6284916203125 0.9244186046875 0.6284916203125 0.9244186046875 0.675977653125 0.9912790703125 0.675977653125 0.9912790703125 0.6284916203125
2 0.8110465109374999 0.46927374374999997 0.7587209296874999 0.46927374374999997 0.7587209296874999 0.53072625625 0.8110465109374999 0.53072625625 0.8110465109374999 0.46927374374999997
2 0.24418604687499998 0.055865921875 0.1860465109375 0.055865921875 0.1860465109375 0.11173184375 0.24418604687499998 0.11173184375 0.24418604687499998 0.055865921875
2 0.619186046875 0.8659217874999999 0.5610465109375 0.8659217874999999 0.5610465109375 0.921787709375 0.619186046875 0.921787709375 0.619186046875 0.8659217874999999
2 0.1598837203125 0.368715084375 0.0959302328125 0.368715084375 0.0959302328125 0.410614525 0.1598837203125 0.410614525 0.1598837203125 0.368715084375
2 0.44186046562500003 0.9022346375 0.3982558140625 0.9022346375 0.3982558140625 0.9636871515625 0.44186046562500003 0.9636871515625 0.44186046562500003 0.9022346375
2 0.8720930234375001 0.5614525140625 0.8139534890625001 0.5614525140625 0.8139534890625001 0.61173184375 0.8720930234375001 0.61173184375 0.8720930234375001 0.5614525140625
2 0.755813953125 0.38826815625 0.6976744187499999 0.38826815625 0.6976744187499999 0.43016759843749997 0.755813953125 0.43016759843749997 0.755813953125 0.38826815625
2 0.8517441859374999 0.7709497203125 0.796511628125 0.7709497203125 0.796511628125 0.8128491625 0.8517441859374999 0.8128491625 0.8517441859374999 0.7709497203125
2 0.3982558140625 0.9050279328125 0.3546511625 0.9050279328125 0.3546511625 0.9608938546875001 0.3982558140625 0.9608938546875001 0.3982558140625 0.9050279328125
7 0.4098837203125 0.3128491625 0.3662790703125 0.3128491625 0.3662790703125 0.368715084375 0.4098837203125 0.368715084375 0.4098837203125 0.3128491625
7 0.3517441859375 0.32681564218750003 0.308139534375 0.32681564218750003 0.308139534375 0.3826815640625 0.3517441859375 0.3826815640625 0.3517441859375 0.32681564218750003
2 0.0901162796875 0.2262569828125 0.0377906984375 0.2262569828125 0.0377906984375 0.2737430171875 0.0901162796875 0.2737430171875 0.0901162796875 0.2262569828125
2 0.16860465156249999 0.3379888265625 0.1162790703125 0.3379888265625 0.1162790703125 0.37988826875 0.16860465156249999 0.37988826875 0.16860465156249999 0.3379888265625
2 0.651162790625 0.734636871875 0.6017441859375 0.734636871875 0.6017441859375 0.7765363125 0.651162790625 0.7765363125 0.651162790625 0.734636871875
2 0.2732558140625 0.446927375 0.22093023281250002 0.446927375 0.22093023281250002 0.48882681562499997 0.2732558140625 0.48882681562499997 0.2732558140625 0.446927375
2 0.953488371875 0.9162011171875 0.9040697671875 0.9162011171875 0.9040697671875 0.9581005593749999 0.953488371875 0.9581005593749999 0.953488371875 0.9162011171875
2 0.6802325578125 0.7150837984375 0.6424418609375 0.7150837984375 0.6424418609375 0.7625698328125 0.6802325578125 0.7625698328125 0.6802325578125 0.7150837984375
2 0.889534884375 0.7206703906249999 0.8517441859374999 0.7206703906249999 0.8517441859374999 0.7709497203125 0.889534884375 0.7709497203125 0.889534884375 0.7206703906249999
2 0.8372093015625 0.93296089375 0.796511628125 0.93296089375 0.796511628125 0.9748603359375 0.8372093015625 0.9748603359375 0.8372093015625 0.93296089375
2 0.1162790703125 0.1731843578125 0.0813953484375 0.1731843578125 0.0813953484375 0.20949720625 0.1162790703125 0.20949720625 0.1162790703125 0.1731843578125