3 0.88538681875 0.264957265625 0.80515759375 0.264957265625 0.80515759375 0.390313390625 0.88538681875 0.390313390625 0.88538681875 0.264957265625
5 0.6991404015625 0.78062678125 0.6131805156250001 0.78062678125 0.6131805156250001 0.8660968656250001 0.6991404015625 0.8660968656250001 0.6991404015625 0.78062678125
1 0.43553008593750003 0.46438746406250003 0.2492836671875 0.46438746406250003 0.2492836671875 0.6296296296875 0.43553008593750003 0.6296296296875 0.43553008593750003 0.46438746406250003
1 0.4842406875 0.4672364671875 0.33810888281249996 0.4672364671875 0.33810888281249996 0.6039886046875 0.4842406875 0.6039886046875 0.4842406875 0.4672364671875
7 0.747851003125 0.7977207984375 0.77363896875 0.7977207984375 0.80515759375 0.7321937328125 0.80515759375 0.7179487171875001 0.7965616046874999 0.7008547015625 0.787965615625 0.6894586890625 0.7507163328125 0.6638176640625 0.7191977078125 0.6980056984375 0.7077363890624999 0.715099715625 0.7048710609375 0.7264957265625 0.7134670484375001 0.7606837609375 0.7306590265625 0.7863247859375 0.747851003125 0.7977207984375
3 0.6418338109375 0.0512820515625 0.5272206296874999 0.0512820515625 0.5272206296874999 0.165242165625 0.6418338109375 0.165242165625 0.6418338109375 0.0512820515625
1 0.53581661875 0.615384615625 0.406876790625 0.615384615625 0.406876790625 0.6923076921875 0.53581661875 0.6923076921875 0.53581661875 0.615384615625
7 0.1031518625 0.2108262109375 0.0028653296875000003 0.2108262109375 0.0028653296875000003 0.3048433046875 0.1031518625 0.3048433046875 0.1031518625 0.2108262109375
3 0.8022922640625 0.2478632484375 0.7077363890624999 0.2478632484375 0.7077363890624999 0.3333333328125 0.8022922640625 0.3333333328125 0.8022922640625 0.2478632484375
5 0.40114613125 0.5868945875 0.315186246875 0.5868945875 0.315186246875 0.678062678125 0.40114613125 0.678062678125 0.40114613125 0.5868945875
5 0.24641833750000003 0.652421653125 0.272206303125 0.6381766375 0.2750716328125 0.6210826203125001 0.272206303125 0.5925925921874999 0.25787965625 0.5584045578125 0.23782235 0.5527065531249999 0.206303725 0.572649571875 0.200573065625 0.5925925921874999 0.200573065625 0.6324786328124999 0.220630371875 0.6467236468750001 0.24641833750000003 0.652421653125
5 0.1719197703125 0.1196581203125 0.1719197703125 0.0997151 0.1575931234375 0.0427350421875 0.1461318046875 0.034188034374999995 0.128939828125 0.025641025 0.108882521875 0.034188034374999995 0.1002865328125 0.0512820515625 0.09455587343750001 0.0769230765625 0.1031518625 0.10826210781250001 0.16618911249999999 0.12250712187499999 0.1719197703125 0.1196581203125
5 0.1719197703125 0.575498575 0.191977078125 0.5868945875 0.2034383953125 0.5669515671875 0.21489971406250002 0.5384615390625 0.2034383953125 0.5014245015625 0.200573065625 0.49572649531249996 0.1747851 0.48148148125 0.160458453125 0.490028490625 0.148997134375 0.5014245015625 0.148997134375 0.5299145296875001 0.15186246406249998 0.547008546875 0.1719197703125 0.575498575
5 0.2234957015625 0.9857549859375 0.24641833750000003 0.9886039890625 0.25214899687500003 0.9572649578125001 0.25214899687500003 0.90598290625 0.24355300937500002 0.8888888890625 0.23209169062499999 0.8831908828125 0.206303725 0.8888888890625 0.19484240625 0.9002848999999999 0.19484240625 0.9458689453125 0.21776504375 0.9829059828125001 0.2234957015625 0.9857549859375
3 0.8252149 0.33048433125 0.736389684375 0.33048433125 0.736389684375 0.415954415625 0.8252149 0.415954415625 0.8252149 0.33048433125
5 0.5787965609375 0.7293447296875 0.4928366765625 0.7293447296875 0.4928366765625 0.8148148140625 0.5787965609375 0.8148148140625 0.5787965609375 0.7293447296875
5 0.6275071640625 0.46438746406250003 0.541547278125 0.46438746406250003 0.541547278125 0.54985755 0.6275071640625 0.54985755 0.6275071640625 0.46438746406250003
5 0.8538681953125 0.0142450140625 0.77363896875 0.0142450140625 0.77363896875 0.0997151 0.8538681953125 0.0997151 0.8538681953125 0.0142450140625
1 0.5014326640625 0.028490028125 0.43553008593750003 0.028490028125 0.43553008593750003 0.12250712187499999 0.5014326640625 0.12250712187499999 0.5014326640625 0.028490028125
5 0.45845272187499997 0.253561253125 0.386819484375 0.253561253125 0.386819484375 0.3390313390625 0.45845272187499997 0.3390313390625 0.45845272187499997 0.253561253125
5 0.0744985671875 0.8717948718749999 0.1002865328125 0.8831908828125 0.117478509375 0.874643875 0.11461318125 0.834757834375 0.0802292265625 0.803418803125 0.0744985671875 0.8005698000000001 0.0544412609375 0.8005698000000001 0.0401146125 0.8205128203125 0.0401146125 0.834757834375 0.05157593125 0.8490028484375 0.0744985671875 0.8717948718749999
5 0.756446990625 0.9629629625 0.77363896875 0.9629629625 0.7851002859375 0.9572649578125001 0.799426934375 0.9430199437500001 0.799426934375 0.9202279203125 0.787965615625 0.8888888890625 0.77363896875 0.8831908828125 0.7507163328125 0.8888888890625 0.7335243546875 0.9002848999999999 0.7220630375 0.9145299140625 0.727793696875 0.940170940625 0.7335243546875 0.9487179484375 0.756446990625 0.9629629625
5 0.59885386875 0.897435896875 0.618911175 0.897435896875 0.6303724921875 0.8603988609375 0.6275071640625 0.8490028484375 0.5845272203125 0.834757834375 0.5472779375 0.834757834375 0.53581661875 0.8490028484375 0.5444126078125 0.8831908828125 0.5501432671875001 0.8888888890625 0.59885386875 0.897435896875
5 0.9770773640625 0.38176638125 0.9197707734374999 0.38176638125 0.9197707734374999 0.4757834765625 0.9770773640625 0.4757834765625 0.9770773640625 0.38176638125
5 0.9255014328125 0 0.9140401140625001 0.0085470078125 0.8911174781250001 0.034188034374999995 0.8911174781250001 0.0512820515625 0.8968481374999999 0.065527065625 0.9111747843750001 0.0769230765625 0.9255014328125 0.0826210828125 0.9455587390625 0.0769230765625 0.954154728125 0.06837606874999999 0.9627507156249999 0.0512820515625 0.9627507156249999 0.034188034374999995 0.9570200578125 0.0113960109375 0.9426934093750001 0 0.9255014328125 0
5 0.779369628125 0.874643875 0.799426934375 0.8717948718749999 0.8108882515625 0.8632478625 0.81375358125 0.834757834375 0.799426934375 0.8205128203125 0.7765042984375 0.803418803125 0.756446990625 0.7977207984375 0.736389684375 0.8148148140625 0.7449856734375 0.8547008546875 0.76217765 0.8717948718749999 0.779369628125 0.874643875
5 0.24355300937500002 0.0854700859375 0.2607449859375 0.091168090625 0.272206303125 0.0769230765625 0.2750716328125 0.0484330484375 0.25787965625 0.028490028125 0.22922636093749998 0.0113960109375 0.20916905468749997 0.0113960109375 0.2034383953125 0.0199430203125 0.2034383953125 0.0484330484375 0.21489971406250002 0.065527065625 0.24355300937500002 0.0854700859375
5 0.3524355296875 0.740740740625 0.375358165625 0.7264957265625 0.381088825 0.7122507125 0.3782234953125 0.6923076921875 0.3638968484375 0.675213675 0.323782234375 0.6666666671875 0.3094555875 0.675213675 0.30372492812499996 0.70655270625 0.30372492812499996 0.7264957265625 0.315186246875 0.735042734375 0.3524355296875 0.740740740625
5 0.664756446875 1 0.67048710625 0.9857549859375 0.67048710625 0.9772079765624999 0.6561604578125 0.9544159546875 0.6160458453125 0.9287749281250001 0.6045845265625001 0.9316239312500001 0.5931232093750001 0.9487179484375 0.5902578796875 0.974358975 0.6045845265625001 0.9971509968750001 0.6131805156250001 1 0.664756446875 1
7 0.191977078125 0.23931623906250002 0.11461318125 0.23931623906250002 0.11461318125 0.31054131093750004 0.191977078125 0.31054131093750004 0.191977078125 0.23931623906250002
5 0.70200573125 0.51851851875 0.6303724921875 0.51851851875 0.6303724921875 0.5954415953125001 0.70200573125 0.5954415953125001 0.70200573125 0.51851851875
5 0.8424068765625 0.5356125359374999 0.76217765 0.5356125359374999 0.76217765 0.6068376062499999 0.8424068765625 0.6068376062499999 0.8424068765625 0.5356125359374999
5 0.117478509375 0.3048433046875 0.045845271874999996 0.3048433046875 0.045845271874999996 0.38176638125 0.117478509375 0.38176638125 0.117478509375 0.3048433046875
5 1 0.9031339031250001 0.98853868125 0.8860398859374999 0.9598853875 0.8774928781250001 0.9426934093750001 0.8774928781250001 0.934097421875 0.8860398859374999 0.9283667624999999 0.9031339031250001 0.9255014328125 0.9145299140625 0.934097421875 0.9544159546875 0.9598853875 0.9544159546875 0.985673353125 0.940170940625 1 0.9202279203125 1 0.9031339031250001
5 0.3180515765625 0.8176638171875 0.3467048703125 0.8176638171875 0.36103151875 0.772079771875 0.3467048703125 0.746438746875 0.33810888281249996 0.740740740625 0.3209169046875 0.735042734375 0.3094555875 0.746438746875 0.3008595984375 0.7606837609375 0.2951289390625 0.777777778125 0.2951289390625 0.7891737890625 0.30659025781250004 0.8119658125000001 0.3180515765625 0.8176638171875
5 0.128939828125 0.9686609687500001 0.1747851 0.9430199437500001 0.1747851 0.9259259265625 0.1575931234375 0.9031339031250001 0.128939828125 0.8917378921875001 0.108882521875 0.9116809109374999 0.1031518625 0.9259259265625 0.1031518625 0.9430199437500001 0.108882521875 0.9572649578125001 0.128939828125 0.9686609687500001
5 0.7077363890624999 0.4017094015625 0.6504298000000001 0.4017094015625 0.6504298000000001 0.4871794875 0.7077363890624999 0.4871794875 0.7077363890624999 0.4017094015625
5 0.3180515765625 0.36182336249999997 0.323782234375 0.358974359375 0.32951289375 0.3333333328125 0.32951289375 0.31054131093750004 0.3209169046875 0.296296296875 0.30372492812499996 0.2820512828125 0.28939828125 0.2792022796875 0.2779369625 0.29059829062500003 0.2664756453125 0.3076923078125 0.2750716328125 0.3333333328125 0.28939828125 0.353276353125 0.3180515765625 0.36182336249999997
5 0.618911175 0.7635327640625 0.555873925 0.7635327640625 0.555873925 0.84330484375 0.618911175 0.84330484375 0.618911175 0.7635327640625
5 0.53581661875 0.39316239375 0.45845272187499997 0.39316239375 0.45845272187499997 0.45868945937500005 0.53581661875 0.45868945937500005 0.53581661875 0.39316239375
5 0.09455587343750001 0.5669515671875 0.1031518625 0.5584045578125 0.10601719218750001 0.515669515625 0.09169054374999999 0.4928774921875 0.077363896875 0.48148148125 0.0601719203125 0.5014245015625 0.05157593125 0.515669515625 0.05157593125 0.5327635328125 0.065902578125 0.5669515671875 0.09455587343750001 0.5669515671875
5 0.44985673281249994 0.7606837609375 0.4154727796875 0.7606837609375 0.4154727796875 0.8547008546875 0.44985673281249994 0.8547008546875 0.44985673281249994 0.7606837609375
5 0.88538681875 0.1481481484375 0.8338108875 0.1481481484375 0.8338108875 0.233618234375 0.88538681875 0.233618234375 0.88538681875 0.1481481484375
5 0.7908309453125 0.4074074078125 0.7335243546875 0.4074074078125 0.7335243546875 0.4871794875 0.7908309453125 0.4871794875 0.7908309453125 0.4074074078125
5 0.9971346703125 0.7492877499999999 0.9398280796874999 0.7492877499999999 0.9398280796874999 0.8290598296875 0.9971346703125 0.8290598296875 0.9971346703125 0.7492877499999999
5 0.6217765046875 0.358974359375 0.5644699140625 0.358974359375 0.5644699140625 0.43589743593749997 0.6217765046875 0.43589743593749997 0.6217765046875 0.358974359375
1 0.2607449859375 0.4871794875 0.2034383953125 0.4871794875 0.2034383953125 0.5641025640625 0.2607449859375 0.5641025640625 0.2607449859375 0.4871794875
5 0.489971346875 0.36182336249999997 0.5157593125 0.36182336249999997 0.5272206296874999 0.353276353125 0.530085959375 0.3048433046875 0.5186246421875 0.28490028437500003 0.4871060171875 0.29344729375 0.469914040625 0.31054131093750004 0.469914040625 0.3447293453125 0.4727793703125 0.353276353125 0.489971346875 0.36182336249999997
5 0.0802292265625 0.4757834765625 0.0744985671875 0.4615384609375 0.0601719203125 0.43874643906250005 0.0487106015625 0.43304843281250005 0.031518625 0.43304843281250005 0.022922635937499998 0.43874643906250005 0.021012415625 0.452991453125 0.0171919765625 0.48148148125 0.025787965625 0.5014245015625 0.05157593125 0.5042735046875 0.0802292265625 0.4757834765625
3 0.7335243546875 0.846153846875 0.67048710625 0.846153846875 0.67048710625 0.9173789171875001 0.7335243546875 0.9173789171875001 0.7335243546875 0.846153846875
5 0.98853868125 0.296296296875 0.9398280796874999 0.296296296875 0.9398280796874999 0.37606837656250003 0.98853868125 0.37606837656250003 0.98853868125 0.296296296875
5 0.272206303125 0.222222221875 0.220630371875 0.222222221875 0.220630371875 0.2991452984375 0.272206303125 0.2991452984375 0.272206303125 0.222222221875
5 0.7765042984375 0.5612535609375 0.7191977078125 0.5612535609375 0.7191977078125 0.6324786328124999 0.7765042984375 0.6324786328124999 0.7765042984375 0.5612535609375
5 0.30372492812499996 0.1766381765625 0.24641833750000003 0.1766381765625 0.24641833750000003 0.2478632484375 0.30372492812499996 0.2478632484375 0.30372492812499996 0.1766381765625
5 0.4871060171875 0.1766381765625 0.42979942656250003 0.1766381765625 0.42979942656250003 0.2478632484375 0.4871060171875 0.2478632484375 0.4871060171875 0.1766381765625
5 0.4212034390625 0.83190883125 0.3495702 0.83190883125 0.3495702 0.8888888890625 0.4212034390625 0.8888888890625 0.4212034390625 0.83190883125
5 0.4154727796875 0.153846153125 0.3581661890625 0.153846153125 0.3581661890625 0.22507122499999999 0.4154727796875 0.22507122499999999 0.4154727796875 0.153846153125
5 0.6934097421875001 0.16809116875000002 0.6303724921875 0.16809116875000002 0.6303724921875 0.233618234375 0.6934097421875001 0.233618234375 0.6934097421875001 0.16809116875000002
5 0.180515759375 0.70655270625 0.117478509375 0.70655270625 0.117478509375 0.772079771875 0.180515759375 0.772079771875 0.180515759375 0.70655270625
5 0.88538681875 0.0826210828125 0.819484240625 0.0826210828125 0.819484240625 0.1481481484375 0.88538681875 0.1481481484375 0.88538681875 0.0826210828125
5 0.1747851 0.11396011406249999 0.108882521875 0.11396011406249999 0.108882521875 0.1794871796875 0.1747851 0.1794871796875 0.1747851 0.11396011406249999
5 0.44985673281249994 0.0997151 0.386819484375 0.0997151 0.386819484375 0.165242165625 0.44985673281249994 0.165242165625 0.44985673281249994 0.0997151
5 0.36103151875 0.0997151 0.2951289390625 0.0997151 0.2951289390625 0.165242165625 0.36103151875 0.165242165625 0.36103151875 0.0997151
7 0.77363896875 0.15669515625 0.7077363890624999 0.15669515625 0.7077363890624999 0.222222221875 0.77363896875 0.222222221875 0.77363896875 0.15669515625
5 0.1575931234375 0.390313390625 0.10601719218750001 0.390313390625 0.10601719218750001 0.4615384609375 0.1575931234375 0.4615384609375 0.1575931234375 0.390313390625
5 0.2234957015625 0.165242165625 0.1891117484375 0.165242165625 0.1891117484375 0.24216524218750002 0.2234957015625 0.24216524218750002 0.2234957015625 0.165242165625
5 0.6561604578125 0.0512820515625 0.5902578796875 0.0512820515625 0.5902578796875 0.10826210781250001 0.6561604578125 0.10826210781250001 0.6561604578125 0.0512820515625
5 0.6790830953125 0.2478632484375 0.6160458453125 0.2478632484375 0.6160458453125 0.3048433046875 0.6790830953125 0.3048433046875 0.6790830953125 0.2478632484375
5 0.4097421203125 0.3447293453125 0.3524355296875 0.3447293453125 0.3524355296875 0.4074074078125 0.4097421203125 0.4074074078125 0.4097421203125 0.3447293453125
5 0.53581661875 0.9173789171875001 0.5444126078125 0.8888888890625 0.5272206296874999 0.8575498578125 0.5071633234374999 0.8547008546875 0.4928366765625 0.86894586875 0.489971346875 0.8888888890625 0.4985673359375 0.9116809109374999 0.5071633234374999 0.9145299140625 0.53581661875 0.9173789171875001
5 0.33810888281249996 0.039886040625 0.2808022921875 0.039886040625 0.2808022921875 0.096866096875 0.33810888281249996 0.096866096875 0.33810888281249996 0.039886040625
5 0.8595988531250001 0.6068376062499999 0.7965616046874999 0.6068376062499999 0.7965616046874999 0.64957265 0.8595988531250001 0.64957265 0.8595988531250001 0.6068376062499999
5 0.6131805156250001 0.19373219375 0.561604584375 0.19373219375 0.561604584375 0.25071224999999997 0.6131805156250001 0.25071224999999997 0.6131805156250001 0.19373219375
5 0.521489971875 0.9116809109374999 0.4727793703125 0.9116809109374999 0.4727793703125 0.9686609687500001 0.521489971875 0.9686609687500001 0.521489971875 0.9116809109374999
7 0.7077363890624999 0.609686609375 0.6504298000000001 0.609686609375 0.6504298000000001 0.6609686609375001 0.7077363890624999 0.6609686609375001 0.7077363890624999 0.609686609375
5 0.58739255 0.2478632484375 0.5501432671875001 0.2478632484375 0.5501432671875001 0.31054131093750004 0.58739255 0.31054131093750004 0.58739255 0.2478632484375
5 0.323782234375 0.8603988609375 0.2808022921875 0.8603988609375 0.2808022921875 0.9173789171875001 0.323782234375 0.9173789171875001 0.323782234375 0.8603988609375
5 0.644699140625 0.31908831875 0.6017191984375 0.31908831875 0.6017191984375 0.37606837656250003 0.644699140625 0.37606837656250003 0.644699140625 0.31908831875
5 0.148997134375 0.5925925921874999 0.1002865328125 0.5925925921874999 0.1002865328125 0.64387464375 0.148997134375 0.64387464375 0.148997134375 0.5925925921874999
5 0.25787965625 0.7977207984375 0.206303725 0.7977207984375 0.206303725 0.846153846875 0.25787965625 0.846153846875 0.25787965625 0.7977207984375
5 0.24355300937500002 0.672364671875 0.191977078125 0.672364671875 0.191977078125 0.7207977203125 0.24355300937500002 0.7207977203125 0.24355300937500002 0.672364671875
5 0.1318051578125 0.7578347578125 0.1031518625 0.7578347578125 0.1031518625 0.8205128203125 0.1318051578125 0.8205128203125 0.1318051578125 0.7578347578125
5 0.2865329515625 0.7920227921875 0.25787965625 0.7920227921875 0.25787965625 0.8575498578125 0.2865329515625 0.8575498578125 0.2865329515625 0.7920227921875
5 0.3896848140625 0.8860398859374999 0.3467048703125 0.8860398859374999 0.3467048703125 0.934472934375 0.3896848140625 0.934472934375 0.3896848140625 0.8860398859374999
5 0.1747851 0.652421653125 0.12320916875000001 0.652421653125 0.12320916875000001 0.6980056984375 0.1747851 0.6980056984375 0.1747851 0.652421653125
5 0.9255014328125 0.515669515625 0.8825214906250001 0.515669515625 0.8825214906250001 0.5641025640625 0.9255014328125 0.5641025640625 0.9255014328125 0.515669515625
7 0.366762178125 0.23646723593750002 0.3180515765625 0.23646723593750002 0.3180515765625 0.2706552703125 0.366762178125 0.2706552703125 0.366762178125 0.23646723593750002
5 0.8710601718750001 0.4102564109375 0.8280802296875001 0.4102564109375 0.8280802296875001 0.452991453125 0.8710601718750001 0.452991453125 0.8710601718750001 0.4102564109375
5 0.9598853875 0.6467236468750001 0.9255014328125 0.6467236468750001 0.9255014328125 0.6894586890625 0.9598853875 0.6894586890625 0.9598853875 0.6467236468750001