6 0.844504021875 0.0324324328125 0.6353887406250001 0.0324324328125 0.6353887406250001 0.3081081078125 0.844504021875 0.3081081078125 0.844504021875 0.0324324328125
6 1 0.7432432437500001 0.84182305625 0.7432432437500001 0.84182305625 0.9540540546875 1 0.9540540546875 1 0.7432432437500001
6 0.6058981234374999 0.10810810781249999 0.4664879359375 0.10810810781249999 0.4664879359375 0.31891891875 0.6058981234374999 0.31891891875 0.6058981234374999 0.10810810781249999
1 0.45040214531249995 1 0.45040214531249995 0.8054054046875001 0.300268096875 0.8054054046875001 0.300268096875 1 0.45040214531249995 1
1 0.28418230625 0.65675675625 0.16621983906249999 0.65675675625 0.16621983906249999 0.8459459453125 0.28418230625 0.8459459453125 0.28418230625 0.65675675625
1 0.1474530828125 0.32972972968750003 0.002680965625 0.32972972968750003 0.002680965625 0.48108108125 0.1474530828125 0.48108108125 0.1474530828125 0.32972972968750003
6 0.9034852546875 0.675675675 0.7855227874999999 0.675675675 0.7855227874999999 0.8324324328125 0.9034852546875 0.8324324328125 0.9034852546875 0.675675675
7 0.8176943703124999 0.7432432437500001 0.699731903125 0.7432432437500001 0.699731903125 0.9 0.8176943703124999 0.9 0.8176943703124999 0.7432432437500001
6 0.82841823125 0.4135135140625 0.6890080421875 0.4135135140625 0.6890080421875 0.54324324375 0.82841823125 0.54324324375 0.82841823125 0.4135135140625
6 0.7721179625000001 0.5135135140625 0.6756032171874999 0.5135135140625 0.6756032171874999 0.6702702703125001 0.7721179625000001 0.6702702703125001 0.7721179625000001 0.5135135140625
6 0.7077747984375 0.375675675 0.6058981234374999 0.375675675 0.6058981234374999 0.5216216218749999 0.7077747984375 0.5216216218749999 0.7077747984375 0.375675675
1 0.47453083124999995 0.7378378375 0.367292225 0.7378378375 0.367292225 0.878378378125 0.47453083124999995 0.878378378125 0.47453083124999995 0.7378378375
1 0.33512064375 0.5459459453125 0.211796246875 0.5459459453125 0.211796246875 0.6486486484375 0.33512064375 0.6486486484375 0.33512064375 0.5459459453125
6 0.9383378015625 0.12432432499999999 0.8310991953125001 0.12432432499999999 0.8310991953125001 0.23243243281249998 0.9383378015625 0.23243243281249998 0.9383378015625 0.12432432499999999
1 0.34316353906249997 0.6621621625 0.25201072343750003 0.6621621625 0.25201072343750003 0.759459459375 0.34316353906249997 0.759459459375 0.34316353906249997 0.6621621625
7 0.863270778125 0.5891891890625 0.7721179625000001 0.5891891890625 0.7721179625000001 0.6594594593750001 0.863270778125 0.6594594593750001 0.863270778125 0.5891891890625
7 0.13404825781250002 0.7324324328125 0.05898123281249999 0.7324324328125 0.05898123281249999 0.8135135140624999 0.13404825781250002 0.8135135140624999 0.13404825781250002 0.7324324328125
7 0.319034853125 0.116216215625 0.33243967812499997 0.11891891875 0.369973190625 0.11891891875 0.367292225 0.075675675 0.351206434375 0.021621621875 0.33512064375 0.0108108109375 0.3109919578125 0.0054054046875 0.29758713124999997 0 0.2707774796875 0.016216215625 0.26005361875 0.0270270265625 0.2546916890625 0.0378378375 0.2546916890625 0.0513513515625 0.26541555 0.08108108124999999 0.319034853125 0.116216215625
1 0.45040214531249995 0.65675675625 0.48793565625 0.664864865625 0.5147453078125 0.6594594593750001 0.5174262734374999 0.65675675625 0.52546916875 0.6108108109375 0.5174262734374999 0.5945945953125 0.4986595171875 0.578378378125 0.47184986562500003 0.5702702703125 0.4477211796875 0.578378378125 0.43699731875000003 0.5891891890625 0.434316353125 0.5945945953125 0.434316353125 0.624324325 0.44235925 0.6486486484375 0.45040214531249995 0.65675675625
7 0.11528150156250001 0.1945945953125 0.1286863265625 0.18918918906249999 0.1394101875 0.18108108125 0.142091153125 0.175675675 0.1447721171875 0.15135135156249999 0.1447721171875 0.121621621875 0.1286863265625 0.0945945953125 0.1126005359375 0.0945945953125 0.085790884375 0.10810810781249999 0.0750670234375 0.11891891875 0.07327971250000001 0.14954954843749999 0.072386059375 0.164864865625 0.0777479890625 0.18918918906249999 0.0938337796875 0.1945945953125 0.11528150156250001 0.1945945953125
7 0.2144772125 0.2864864859375 0.2278820375 0.2891891890625 0.243967828125 0.2702702703125 0.2546916890625 0.24864864843749998 0.26005361875 0.20540540468750002 0.24128686250000003 0.1918918921875 0.225201071875 0.202702703125 0.20911528124999998 0.221621621875 0.2037533515625 0.2297297296875 0.2037533515625 0.264864865625 0.211796246875 0.283783784375 0.2144772125 0.2864864859375
1 0.6702412875 0.64324324375 0.6756032171874999 0.6324324328125 0.6756032171874999 0.6027027031250001 0.6648793562499999 0.5918918921875 0.6407506703125 0.583783784375 0.6246648796875001 0.583783784375 0.6139410187500001 0.6378378375 0.6380697046875 0.6594594593750001 0.6568364609375 0.6594594593750001 0.6702412875 0.64324324375